11111111111111111111111111111111111111111111111
10100000100000100000100000100000100000000000101
10101110101111101011101110101110101111111110101
10101000101000001000001000101000100000001010001
10101111101011111111111011101011111111101011101
10101000100010000010001000101000001000000000101
10101010101011101010101110101110101111111110101
10001010101000101000100010101010101000001000101
10111010101110111111111010101010101010111011101
10100010101000000000001010000010100010000000101
10101110101011111010111011111110111111111111101
10101010001000101010100010000010100010000010001
10101011111110101010101111111010101010111110111
10100000100010001010101000000010101010100000101
10111110101011111011101011111010101010111011101
10000000101010001000001000001000101000100000001
11101111101110101111111111101111101111101110111
10001000000000101000100000100000100010001010001
10111111111111101010111110111111101010111011101
10100010000000000010001000101000101010101000001
10111010111111111110101011101010101011101011111
10001010001000100000100010000010001000100010001
11101011101011101111111111101111111110111010101
10000010100010001000100000100000100010100010101
10111110111110111010101110111110111010101111101
10100000000000000010001010100010000010100000001
10101111111011111111111010101111101110111111111
10101000001010001010000010101000001000100000001
10111011101010101010101010101011111011111111101
10001000100010100000101010000010001000000000101
10101110111011111111101111111110101111101110101
10100010100010000000001000100000100000001000001
11111010101110111111111010101111111110111111111
10001000100010000000001010001000000000100010001
10111011101111101111101011111011111111101011101
10000010000000101000100010001000100000001000001
11111011111010101011111110111010101111111111111
10001010001010101000100000001010000000001000001
10101010111010111110101111101111111111101110111
10101010001010100000101000001000100000100010001
10111011101010101010111011111010111110111011101
10100010001010101010001010001010000010001000101
10101110111010101110101010101011111011101110101
10101000100010100010100010100010100000100000101
10101011101010111010111110111110101110111111101
10001000001010000010000000100000001000000000001
11111111111111111111111111111111111111111111111
