11111111111111111111111111111111111111111111111
10000010001000100000001000100000001000100000001
11111010101010101011111010101111101110101011111
10001010100010001010000010000000101000001010001
10101010111111111010111011111111101010111110101
10101010001000001010001000000010001010100010101
10101011101011101010101111111010111010101010101
10101000001000101010101000001010001010101010101
10101111101110101011101010101011101011101010101
10100000101000101000001010101010001000001010101
10111110101011101111101010111010101111111010101
10001000101010001000001010100010101000001000101
11101010101110111110111010101110111011101110111
10101010100010000010001010100010001010000000001
10101010111010111010111010111111101110101111101
10101010000010100010100010100000101000101000101
10101111111111101111101110101011101011111010101
10001000100010000000100010001000001000001010101
10111010101010111110111111111110111011101010101
10100010101000101000100000001000001000100010101
10111110101111101011101011101111101110111110101
10100000100010001000101000100000100000100000101
10101110111010111110101110111110111111111011111
10101000100010000010001010001010000000001010001
10101011101111111011111011101011111111101010101
10001000100000001000001000100010001000001000101
11111010111111101111101010111011101111111011111
10000010001000001000101010000010000000001000001
10111111101111101110101111101110111111111111101
10001000100000100010100000001000000000001000001
11101110111110111010111111111111111111101011101
10100010000010001000100000001000100000101010001
10111010111011101110111110101010111010101110111
10000010001000100010000010100010001010100000001
11111011111110111011111011111111101110111011101
10001000000010000000000000100000001000001000101
10101111111011111111111110101111111011101110111
10100000000000100010000010101000000000100010001
10111111111111101110111110101011111111101011101
10101000000000100000100000100010000000101000001
10101010111110111011101111111110111110101111111
10100010100000100010001010001000001000101000101
10111111101111101110111010101110111011101010101
10100010001000100010000000100010100010100010001
10101010101010111010111111101011101010111111101
10001000100010001000100000001000001010000000001
11111111111111111111111111111111111111111111111
