11111111111111111111111111111111111111111111111
10000000000000000000000000000000000000000000001
10111011101111111011101010111011101111101011101
10100010000000001010001010001010001000001000101
10111011111010111010101110101010111110111011111
10001010000010100010100010101010001000001000001
10101111101111111011111011101111111111111110111
10101000000000001000001000100000000010000000001
10101110111110101110101111101111111111111011101
10101000100000101000100010000000100000000000101
10101011111011101011101111111010111010101011101
10101010000010001010000000001010100010101010001
11111011101111101011101110101010111011101111101
10000010000000101010000010101010100010000010001
10101011111111101010101011101011101110111110101
10101000100000001010101010001010001000100000101
11101010101011101011101010111110101110111110111
10001010101010001000101010000010101000001000001
11101010111110111111101011101110111010111010101
10001010000010000000101000100010001010001010101
10101010111011101111111010111010111111111010111
10101010100000100000001010001010100000000010001
10111010101010101111101111101110101011101110101
10001010101010101000000010001000101000101000101
10101110111011111111111011111011111010111010111
10101000100000001000000000001010000010100010001
10101110101010111011111110101110111011111111101
10101000101010001010000000100010001010000000001
10101111111110111011111010101010111011101110101
10100010000000100000001010101010001010001000101
10101010101011101011101010111010111110101111101
10101010101000101010001010100010001000100000101
10101010111110111010101010111111111110101110101
10101010000010100010101010000010000000100010101
10111010101110101010111011101011101010111110101
10001010100010101010001010001000101010100000101
11111110101111101111111011111111101010101111101
10000000100010001000000000000010001010101000001
10101110111110111110111111101111111111111010111
10101000100000001000000010000000000000001010001
10101011111011111111111010111111101111111111101
10101010000000001000000010000010000000000000101
11101110111111101010101110101111111010111110101
10001000100000001010100010100010000010001000101
10101111101111101010101111101010111111111110101
10100000100010001010100000101010000000000010101
11111111111111111111111111111111111111111111111
