11111111111111111111111111111111111111111111111
10001010000010001010001000001000100010000010001
10101011101011101010111011111011101110101110111
10100000001000001010101000001000000000100010001
10111010101010111010101110101110111110111010101
10100010101010000000000000100000100000100000101
11111111111111111111111111111111111110111111111
10000000000000000010100010100000100000101010001
10101110101011101110101010101010111010101010101
10100010101000100000001000001010000010100000101
11111111111111111111101111111111111111111110111
10001010100000100010100010100010000000101000101
11101010101111101010101010101111111110101011101
10000000000000101000001010100010000000101000001
11101111111010111011101110101110111010101110101
10000000100010100000100010100010100010100000101
11101110111010101011111010101010111010111110111
10001000100010101000100000001000100010100010001
10111111111111111011101010101111111110111010111
10000010000010100000101010100010000000100000001
11111011101010111110111111101110111110111011111
10001010001000101000101000101010001000000000101
10111010111111101110101011101011101011111110101
10000010000010000000000000100010001000101000101
10111010111010101110101011111010111110101110101
10001000001000101000101000100010001000100000101
10111110111111111111111111111111101111101111101
10000010000000101000101000001000000000100000001
11111111111011101110101110111111101110111011111
10000010001000101000100010001010001000100000101
10101110111110101011101010111010111110101010101
10100010100000100000001000101000001000101010001
10111010101011111110101010101111101011111110111
10100000001000100000101010001000001000101000001
10101111111111111011111011111111101111101010101
10100000001000100000100000001010100000100010101
10101010101010111111101111111010101110101111101
10101010100010100010101000101000000010101000001
10111010101110101010101011101110111111111110111
10100010100010101010001000100000100000100000001
10111111111111111010101011101110101111111011111
10101000101000100010100000001000100010100010001
10101110101110101111111011111011101110101110111
10001010000000100010000010001010000000100000001
10101010111011111010101011101010111110111111101
10100000100000100000101000001000100000100000001
11111111111111111111111111111111111111111111111
