11111111111111111111111111111111111111111111111
10100000001010001000001000000000100000001000001
10101110101010101010111011111110101111111011101
10000010100000100010100010000000101000000000101
11111110111011111110101110111111101111101110101
10001000001010001010101010100000001000001010101
10101011111010101010101010101110111011111010111
10101010100010100000100010001010100010000010001
10101010101111111111101111101010101110111111101
10101010001000000000101000101000100000001000001
10101011111110111110101010101111111111101011101
10100010000000000010100010100010000000001010101
10111110111111111010111010111011101111111010101
10100010101000101010100010100000001000000010001
10101110101010101010101110101111111011111110111
10000000101010101010101000100010001000000010101
11101111101010101011111011111010101111111010101
10001010000010001010000010001010101000000010101
10111010111111111010111111101010101110111110101
10001010001010000010000000001010100010100010101
11101011101010111011111110101010111011101010101
10100010001000100000001000101010100010001010001
10111110111111111111101111111010111110111011111
10100010001000000000101000000010000010100010001
10101011101011111110101010111111101010101110101
10001010001000100010100010001000101000101000101
11111010101110101011111111101010101111101011101
10001010101010001000000000100010001000001000101
10101010101011111111111110111111111111101110101
10101000100010100000100010000000000000100000101
10101011111010101110101011111110111110111011101
10100010001010001000101000000010100000100010001
10111110101010111011101111111010101011111110111
10001000101000100000101000001000101000001000101
11101011101011111110101010111111111111101011101
10101000101010001010100010000000000010101000001
10101110101110101010111111111111111010101010111
10001000100000101010001000100000000010000010001
11101011111111101011101011101110111111111111101
10001010000000001010001000001000100000100000101
10101110111110111010111011111111101110101011101
10100000100010100010000010001000001000101000101
10111111101011101011111110101011111011111110101
10100000101000001000100000101000100010001000101
10101110101011111111101111101111101110101110101
10001000001000000000001000000000000000100000101
11111111111111111111111111111111111111111111111
