11111111111111111111111111111111111111111111111
10000010001000000000000010100000000000000000001
10111010101011111110101010101111111111111011101
10100010100010000010101010101000100000001000101
10101111101110101010101010101110101111111110101
10100000001000101010101000100010001010000010101
10111111111011101110101111111010111010101110101
10100010001000100000100010000010100000100000101
10101011101110111111111110111110111111111111101
10101000100010100000100010000010001000100000101
10101110101010101110101010111110101010101111101
10100010001010100010101010100010100010100000101
10101011111011111010101010101010111110101110101
10101000001000100010101010101000100010001010101
10111111111010111110101011101111101011101010101
10001000000010000000101010001000101000001000101
11101011111111111111101010111010101111111111101
10001010000000100000001010100010100010000000001
10111010111110101111111010101011111010111011101
10000000100000100000100010101010000010001000101
11111111111110111110101110111010111111101111101
10001000001000000010100000100010100000100010001
10101110101011111010111111101010101110111010111
10100010101000100010001000101010100010000010001
11111010101110111011101011101010101011111111101
10000010101010001010001010001000101010100000101
10111110101011101011111010111111101010101110101
10000010100010001000001000100010001000100010001
10111010101110111011101011101110101111111010111
10100010101000100000101010000010100010100010001
11101010101011101111101010111010111010101110111
10001000100010101000100010001010100000100010001
10111111111110101110111111101010101111111011101
10000000101000000010000000101000101000100010001
11111110101011111010111110111011101010111011111
10000000100010100010100010001010001010000000001
10111011111110101110111011101010111011111111101
10100010000000100010001000001010100010001000101
10101110111111111010101011111011101110111010101
10101010001000000010101000100000100000000010101
11101011101110111111101110111110111111111110101
10001000000010100000100010001010100000000000101
10111111111010101110111011101010101111111111101
10100010001010100010000010001000101000100000101
10101010101010111110101110111111101011101011101
10001000100010000000100010000000001000001000001
11111111111111111111111111111111111111111111111
