11111111111111111111111111111111111111111111111
10101010100010000010101000001010000010000010001
10101010101010111010101011101010111011111011101
10001010001010001000000010001000001000000010101
11101011101011101010111010111010111010101110101
10001000001010001010001010001010001010100000001
11101110111111111111111011111011111011101111101
10101000000010000000001000001000001010000010001
10101010101011101111111011111110111111111111111
10000010101010000010001000001000001010001000101
11111111101110111010111011111111101010101010101
10000000000010100000001000001000001010100010001
11111110111110111110111010101111101010111110111
10100000000010000010001010101000101000100010001
10111011101011111011111111101110101010111011101
10100010101010100010101000101010001010000010001
10101110101010101010101011101010101011111111111
10100010001010101000000000001000101000001010101
10101011101010101111101110111111101010111010101
10001010001010001010101010001000000010001000001
10111111101110101010101010111110111110111010111
10101010101000100000101000001010001000000010001
10101010101011111111111110111010101110111011101
10100000000010000000000000000000101000001010001
11101111111111111111111111111111111111111111111
10001000000000000000000000100010000000101000101
11101111111011111111111111111010111010101010101
10100000000010000010000000100000100010100010001
10101110101111101110101110111011111111111111101
10001000101010001010101000100010101000101000101
10111011101011101010111011101010101110101010101
10001000100010001010001000101000000000101010001
10111110111111101011101110111111111110101110101
10001000000010000000001000001010000000100000101
11101110101011111111101110101010111010111110111
10001000101010000000001000100000100010100000001
11101110111111111011111111111010111111111011111
10001000100010000000000000101010001000100000001
10111011101110101010111010101010101110111111101
10001010000000101010100010100010101000100010001
11101010101011111011101111111010101110101011101
10001000101010000010000010100010100000001000001
10101111101111101010101010111111111011111110111
10101010101010001010101010101010001000100000001
10111010101011111010111010101011101010111010111
10001000000010000010100000100000000010100010001
11111111111111111111111111111111111111111111111
