11111111111111111111111111111111111111111111111
10001000001010000000001000001000000000001010101
10111110101011101110111010111011111111101010101
10000010100010101000000010001000100010000000001
10101010101110101111101011111110111011111111111
10101010100000101000101000001000000000000010101
10111011111011101110111111101011111011101110101
10100010100000000010000010001010100010001000001
11101110111110111010111111111010101111111111101
10000010000010101000100010001010000000100000001
10111111101111101010101110111111111011101110101
10001010001010001010000010000000100000100010101
10101011101010111111111010111111111110101010101
10100010000010101000101000001010000010101010101
11101011101010101010101011111010111010101111101
10101000001000100010001010101000100000100010101
10111011111111111010111010101011111111101110101
10000000101000000010100000000000000000100010001
10111010101110101111111011101110111011111011111
10100010000000100010001010001000001010100000001
11111110111011111010101110101111101010101111111
10000010001000001010100000101010101010000000001
11101011101010101111111010111010111010111011111
10001000001010100000000010100000000000100010001
10101110101110101111111110101110111010111111101
10100010100010100010101000100010001010100000101
11101111111011101110101111111111111010101111101
10000010001000100000001000101010101010100000101
10101011101110111010101110101010101010101110101
10101010001010001010101000001000100010101000001
10111110111010101111111010111010101110101011111
10001000001000100010100010000010001000001000001
10101110101110111010111011111011111011111110101
10100010101000101010001000100010001010000010101
10101111101010101111101111111111101010111010101
10100010001010100000000000001000000010100010101
10111110101111101110111011111111111011111011111
10001010100010001000100010001000101000101000001
11101010111111111011101010101010101010101111101
10000000100010000010001000101010100010000000001
10111110101110111110111111101011111111101111101
10100000001000001010100000001000000000101000001
10101110111111101011111111101110101010111011101
10100010000010000010001000001010101010000000101
10101110101111101110101010101010111010111011111
10100010100000001000100010101000001010100000001
11111111111111111111111111111111111111111111111
