11111111111111111111111111111111111111111111111
10000000000000000000000000000000000000000000001
10111111111011111110101011111111101010101110111
10000000001010000000101000100000001010101000001
11101011101011101111101011101011111110101011101
10001010001010000010001010001010000000101010001
10101110111011111111101011111111101111111011101
10100010100000100000001000000000100000100000101
11101111111010111010101110111010101111101010111
10000010000010001010100010001010100010001010001
10101110101111111011111111111010111110111110101
10100010100010000000000000100010100000100000101
10111010111110111010111011101010111011101011111
10100010000010100010001010001010001010001000001
11101110101011111111101110101110101111111011101
10001000101000001000001000101000100000001010001
10101110111010101110101111111011111111111010101
10100010001010101000100010000000000000001010101
10101111101011111011111110101110101011111011101
10100010001000100000100000101000101000001010001
11101010101011111010101011101110101110101110101
10001010101000001010101010001000100010100010101
10111011111011101111111011101111111011101111111
10100000100000100000100000100000100010000000001
11101011101111101111101010111111101111111111101
10001000101000000000101010100000000000000010001
10101010101111101010101111111010111011111011101
10101010100000101010101000000010001010000000101
10101110101110101110111110101011111010111111101
10100010101000101000000010101010000010001000001
10111110111110111110111110101011101111101110101
10001000100000000010100000101010001000000010101
10101010101010101011101111101011111011101110101
10101010101010101010000010001000001000100010101
10111111111110111111111111101011101011101010101
10100000000000000000100000001000101000101010101
10101010111011101010101010111111111110111011101
10101010001010001010101010100000000000001010001
11101110101011111111111010111010101011111110111
10000010101000100000000010100010101000100000001
11101010101110111111101110111010101010111011101
10001010101000000000101000100010101010001000101
10111110111011111010101111111011111110101010101
10000010001000001010101000000000001000101010101
10111011111111101110111111101011101010111110101
10001000001000001000100000001000101010000010101
11111111111111111111111111111111111111111111111
