11111111111111111111111111111111111111111111111
10001000001000000000000000000010100010000000001
10101110101111111111101011111010101010101111101
10100000101000000000101000100010101000101000001
10111111101011111110111110101110101111101111101
10100000100010000010001000100010000010001000101
10111010111110111011101011111011111010111010101
10001010000010001010001010000000100010000010101
11101011111011101010111011111110111011111110101
10001010100000101000000010000010001000001000101
10111010101111101111111110111011101111101011101
10001000100010001000100000100010101000001010001
11101011111010111010101111101110101111111010111
10001010001000000010100010101000000000000010001
10111010101111111111111010111111111111111111101
10001010101000000000001000100000100000001000101
11101010101011111111101110101110111011111010101
10001010100010001000000010101010001010000010001
10111010111110111010111110101011101010111111101
10001010000010001010100010001000001010001000101
10101111111010101011101011111011111011101010111
10100000001010101000001000000010001000101010001
10111111101011101111111111111111101010101011101
10000000101010000000100000100000100010001010001
11111110101010111110101110101110101111111010111
10000000101000101000100010001010101000000010101
10111111101111101011101011111010101011111110101
10000000100000001010001000100010101000100010101
11111110111011101011111110101010101110111010101
10000010101000101010000010101010101000100010101
10111010101110111010111010101010111011101110101
10100010100010001010001010101010100010000010001
10111010111011101011101010101010101111101011101
10001010000010001000001000101000101000101000101
10101111101110101111111111101111101010111011101
10100000101000100000100000100010000010001000001
10111011101011111110101110111011111011101011111
10101000101010001000100010001000001000101000101
10101110101010101111111011101111101111101110101
10100010101000101000000010001000100000001010001
10101110101111101011111110101010111111111011101
10100010001000101010100000100010101000001000001
10111011111010101010101111111110101011101011111
10100000001010100010100000100000001010100010001
10101111101110111110111110111111111010111111101
10001000000000000000000010000000000000000000001
11111111111111111111111111111111111111111111111
