11111111111111111111111111111111111111111111111
10000000001010100000100010100000000000000000101
11101110111010111110111010111111111110111111101
10101010001010001000101000101010101010000010001
10111010111011101011101011101010101010111011101
10000000001010001010000010000000000000001010001
11111110111011101011101111111111111110111111101
10000000000010000000000000101000000000001000101
11111110111011111110111111101010101010101110101
10001010100000001000101000100010101010100000001
11101010111010111110101011111111111010101011111
10001000101010100010001000000010001010101010001
11101011101110111010111011111111101011111010111
10101010000010100000100010101010001000101000101
10101111111010111110111010101010101111101011101
10101010101010000010000000001010101000000010101
10101010101011101011111011101010111111111010101
10001000100000101010100010101010001010100010001
10101110101011111010101010111010111010111011101
10100010001010100010101000100010000000101000001
11101110111010111010111011101111101110101110111
10000010100010000000001000000010001010000000001
11111011101111111111101010101111111011111010111
10000000001010101010100010101000101000000010001
11111010101010101010111111101010101111101110111
10100010100000001000001000000010100000101010001
10111111111011111011111111101111101110111011101
10001000001000100010001010100010101000100010101
11101111101011101110111010101110101110111010101
10001000000010101010001000100010101000001000101
11101111101010101010111110101110111111101110101
10000000001000000010001000100000101010000000001
11111111111011111010111110111110101011101110111
10100000100010100010101010001010100010001000101
10101011111110111010101010111010101111111110101
10101010100010000000000010000010101010001010101
10111010101110101010101110101110101010111010101
10000000000000101010100010100010001010000000101
11101010111110111111101111101010111011111011101
10001010101010100000000000101010101010000000001
10111110101011111111101111111010101011111111101
10100010101000000000000000000000001010100010001
11111011101111111011101111101011101010111010111
10000000000000001010001000001010000010000000101
11101010111110111110111110101011101010111010101
10001010001000000000000010101000101000001010001
11111111111111111111111111111111111111111111111
