11111111111111111111111111111111111111111111111
10001000100000001000000000000000000010000010001
10111110111111101011101111101110111110111010101
10001000100010101000100010000010000000100000101
10101011101110101111101111111111101111111011101
10101000000000000010000010000000000000001000101
11101110111011101011111110101011111011101111111
10101010100000101010001000101000101000101000001
10101011111111101011101110111111101110111111101
10100000100000001010100000000010001000000000001
10111011111010111110111011101010111110111110111
10100000001010100000000000101000001000000010001
10111110101011111111101110101111101110111111111
10100010101000100010000010100010000010001000101
10111010111110101111111010101110101111111110101
10000010000010000010100010100010101000000010001
11111011111010101110101111111111111011101110111
10100010000000100010000010100010101010100000101
10101111111010101110111010111010101110101111101
10000010101010101000001010000000000010100010001
10111010101111101011101011111110111010101110101
10001010001000101010001010001000100000001000101
11101110111011101110111110111010111011101011101
10001000000010001000000000000010101010001010001
10111011101111101011111011101011101011101011101
10000010001000100010100010101010100000100000101
10101011101010111110111010111010101110101011101
10101000101010000000000010100010000010101000101
10101011101111101011111110111111111010111011101
10101000100000001010001000100000000010100000101
10101110101111101011101110111111111111101111101
10101000101000001000000010000010101010001010101
11111111111110111110101110101110101010101010111
10100000100000001000101000100000000010100000101
10111010101111101111101111111011101111111011101
10001010001010000010001000000000101000001000101
11101111101011101111101110101011111011111110101
10001000000010000000101000101010100000100000001
11101110111111111010101110111010101110101111111
10000000000000100010100010001010100010101000001
10111111111111111011111010111110111011111110111
10100000100010000010100000100000101000100010001
10101010111010111110111010101111101010101011101
10001010001010101010001010101000000010001000101
10101111101010101010111110101011101110101111101
10100000101000100000000000000000101000100000001
11111111111111111111111111111111111111111111111
