11111111111111111111111111111111111111111111111
10000010100000000010101000101000101000000010101
10101010111111111010101011101011101011111110101
10101000000010100000000000000000101010000010001
11111011111010111110111010111010101010111110111
10000000101000100010101010100010000000100000001
11111011101110111011101110111010111010111110111
10101010000000000000000000001010100010000000001
10101111111011101110111010111011111111101011111
10000000000010000010100010001000000010001000001
11111011111011111110111011111110101111101110101
10000010000010000000001000100000100000100010101
10111110101111111010111011111010111011101110101
10001000101010000010100000100010001000101010101
10111010111011101111111011111110111111101010101
10100010101000000010000000000010000000101000101
11111111101011111011101010101110111111101110111
10001000000010000010001010101000001000100010001
11101110101111101011101111111010111110101110101
10000000100010001010000010001010000010000010101
11101011101111101010101111101011101111101111101
10001010001010001010100000100000100010000000101
10101010111011111111101011101111101110101110111
10101010100000000000001000101000000010101000001
10101111111011101010111011101110101011101111101
10100000100010001010100000101000101010000000101
10111111111111101110111011111011101111101111101
10100000101000000010100000001000100010001000001
11111110101110111111101010111011101011101110101
10001000000000000010001010100000101010000010101
11101110111110101111101110111011101110101110111
10000000100000100000100010100010101000101010001
10101110111010111011111111111110101110101011101
10100010101010001000101010001000000010100010001
10101111101110111011101010111111101111101011111
10101000000000001000000000000010000010101000001
11111110111011101010111110111111101010111010111
10000000100000101010001010000010001000100010001
11111011111011101110111011111111101110111111101
10000000001000101000100000101010101010000000101
10111010101110111010101110101010101011101110111
10101010101010101010000010000010001000000010001
11101010101011101110111111111110101110111110101
10000010101000000000000000001000101000101000101
10111011101010101110101110101111101110101110101
10001010001010101000100010101000001000001000101
11111111111111111111111111111111111111111111111
