11111111111111111111111111111111111111111111111
10100000001000000010001000100000100010000010001
10101111101011111010101010101110101010111011101
10001000101000100010100010001010101000100010001
10111010101010111110111111101010111111101110111
10001010101010000000000000101010001000000000101
11101010101011111011111111101011101011111110101
10001010101010001010100000100010000000000010001
10111010101010111010101110111011111111111010111
10100010001000100010101010001000100010001010001
10101111111111101010101011101110101010111011101
10100000001000101010001000000010001010000010101
10111111101010101111111111101111111011111110101
10101000101010101000000000100010000010000010001
10101010101010101011111110111010111110111011101
10000010101010101000001010001000100000101000101
11101110101010111111101011101110101110101110101
10100010101010000010001000000000101000101000101
10101011101011101010101111111111101111101011101
10101000100010101000100000001000100000101000101
10111110111110101111111111101010111011101110101
10000010100010000010000000100010100000100000101
11101010101011111110101111111110111110111111101
10001010101000100010101000001000100010000010001
10111010111110101010101011101011101011111011111
10100010001000101000100010000010001010000010001
10111110101011111111111110111110111010111110101
10100000100000100000000010100010001000100000101
10101110111110101011111110101011101011101111101
10100010000010101000000000101000101010001000101
10111011111010101111111111111110101110111010101
10100000100010100000000000100000100010000010101
10101110101110101110111110101111111010111111101
10101000100010101000100010101000001010100000001
10111011111011101111111010101011101010101110111
10000010001000100010000010001000101000100010101
11111011101110111010111011111110111011111110101
10001010100000100010100010000010100010000000101
10101010111111101110101110111010101110111111101
10100010100010001000100010100000101000000000001
11111110101110111011101010111110111011111111101
10000000100010000010101010000010000010000000001
10111111111010111110101011111011111110111111111
10100010000010000010101000001000100010000000001
10101010111011111010101111101110101011111111101
10001000001000000010000000100000101000000000001
11111111111111111111111111111111111111111111111
