11111111111111111111111111111111111111111111111
10000000000000000000000000000000000000000000001
11111110101011101110111010101010111010111010111
10000000101000100010001010101010100010100010001
10111011101111101110101111101111111111101110101
10100000100000101000100000101000000000000010101
11101110111110111011111110101011111110101111101
10001000000010001010000000101000001000100010001
10101010101111101111101110101111111111101110101
10101010100000100000101000100000001000000010101
11101011111010111111101010101011111011111011111
10001000001010000010001010101000001000001000001
10101011111011111110101011101110101011111011111
10101000100000100000101010001000101010000000001
11111010111111111110111010111011101110111011111
10000010000000001000001010100010000010100000001
10101011111111101011101110101110101110111111101
10101000000000101000100010101000100010000000101
11101110101011111111101010101010111110101111101
10000010101000100000001010101010000010101000001
10111111101010111010101110111110111111101111101
10000000101010100010100010100000000000101000001
10111110101011101010111010101111101110101011101
10100000101000101010001010101000001000101010001
10101110111010101111101111101110111010101111101
10101000001010101000000010000010001010100010001
10101111111111111011101010111111101111101111101
10100000000000100000101010000000101000000010001
11111110101011101111111011101111101011101110111
10000000101010000010000000100010001010000010001
10101110101011111111101011101111101110101111101
10101000101010000000001000100010000010100000101
10111011101010111110111010111011101110111011111
10100010001010100000100010001000100010100000001
10111111111011101011101111111110111010111111101
10000000100010001000100010000000100010100000001
11111011101010101011111011101011101110101010101
10000000101010101010000000101010001000101010101
11101110101011111111111111111011101010111110101
10000010101000000000000000100010001010100000101
10101111101111101011101110111110101011111011101
10100010000010001000100010000010101010000010001
11101010101110111010101010101011111010111111111
10001010101000100010101010101000100010000000001
10101011111010101010111110111110111010111010111
10101000100010101010001000000010001010100010001
11111111111111111111111111111111111111111111111
