11111111111111111111111111111111111111111111111
10001010100010101010101000100010000010101010001
11101010101110101010101110101111101110101011101
10000010100010001010001010000000000000000010101
11111010111011101011101010111011101111111010101
10000010000000000000000000100010000010000000001
11111010111011101011101110111011111111101010111
10000000100000101010100010100010001010101010001
11111010111111101110101110111111101010101111111
10000010100010001010001010101000100000100000101
10101110111011101011111011101011111011101111101
10101000100000000010100010000000000000000000001
11111010111111101110101011111110101110111011111
10000010001010101000001010001010101000001010001
11111111111010101110101011101010101011101110111
10101000100000001000101000100000101000100000001
10101110111110101010111110101010111010101010111
10000010101000101010101000001010100010101010001
11111010101110111110101110101010111110101111111
10100000000000000010100000101010000010100000001
10101011101110111011101110101011101110111011101
10001010101000001010001000101010001000100010001
10101110111110101110101110101011101010111011101
10101000000000100010100010101000101010001000101
10101011101110101111111110111011101110111011101
10101010001000100010100000101000101000100000101
10111010101111111110111111101011111111111010111
10101010101000001010000010100000000000100010001
10101111111111101011101110111110101011101010111
10100000000000001000000000100010101010101010001
11111011101111101110101010111010111110101011111
10000000101000000000101010000000001000001000101
10101011101010101010111110101110101010101110101
10101010001010101010101010101010101010100010001
10111111111111101110101011101010111110111110101
10100000001000000010100000001000000010001010101
10101111101110111011101011111110111110111011101
10101010101000100000101000100000001000100010101
11111010101110111110101111111011101110101110111
10000000000000001000101000001000101000000010101
11101011101110111011111110111011111111101110101
10001010001000001000100000000000000010000000001
11101111101110101111111011111110101111101110101
10001000001000100000101000100000101000000010101
11111011101010101111101011111010111110111110111
10000010001010100000001000100010000010000010001
11111111111111111111111111111111111111111111111
