11111111111111111111111111111111111111111111111
10000000000000000000000000000000000000000000001
11101110101011111011101011111010111111101111101
10000010101010000000101010000010000010000010001
10101011111111111110101011101110101111101110101
10101000000000000010101010001000100000101000101
11101110111010101111111111111110111110111011111
10001000100010101000000000000000001000001000001
10111011111011101010101011101110111010111010101
10100010000000101010101010001000001010001010101
10111111101010111010101010101110101110111111101
10001000001010001010101010101000101000001000001
10101111101010101110101110111010111110111111101
10100010001010100010100010001010100000000010001
10101010111111101110111110111010111111101011101
10101010100000000010100000001010000000101010001
11111010111110101011101110111110101010101011101
10000010100000101000101000100000101010101010001
10101110101011111010111010111010101011111110101
10101000101000001010100010001010101000000010101
10101011101111101010111110111111111010101011101
10101010001000001010100000000010000010101010001
10101110111111111011111110111111101010111110111
10101000001000000000000010100000001010000010001
10101111111111101111111111101111101110111110101
10100000100000000000000000100000101000001000101
11111011101010101011111011111110111010101011101
10000000101010101000001010000000001010101010001
10111111101010101110111110111110111011111110101
10100000001010101000000010001000001000000010101
11111011111011111010111011101110111010101011101
10000000100000100010100010001000100010101000101
11101110111111101110101010101010101110101111101
10000010000010000010101010101010101000101000001
11111110101011111010101011101111101110111110101
10000000101000001010101000100000100010000010101
10111011101011101010111110111011111011101010111
10001010001000101010001000100010000000101010001
10101011101011101111101111111110111010111111111
10101010001010001000000010000000001010000000001
11101110111010101111101110111111111111111110101
10000010100010100000100010000000000000001000101
10111110101011111011111111111011111111111110111
10100000101000100000000000001010000000000000001
10111010111111101011111010101110111110101010101
10001010000000101010000010101000000010101010101
11111111111111111111111111111111111111111111111
