11111111111111111111111111111111111111111111111
10000000000000001000100010001000000000001000001
10111011111111101010101010101011111111101110111
10001000001000101010001000101000100010101000001
11101111101011101111101110101011101010101011101
10001000101000100000100010101000001010100010001
11111010101010111010111110111110111010111110111
10001010101010000010100000100010001010100010101
10101010101111111111101011101011111010101010101
10100010000000100000001010001010000010101010001
10111111111110101110111010111010101110101111101
10000000001000101010101000100010100000100000001
11111111111011101010101011101110111111111111111
10100000001000000010001010001000100000000000001
10101111101111111111111010111011111011111110101
10001000100000100000001010001000001010000000101
10111010101111101111101011101111101011101011111
10100010001000001000001010001000100010001010001
10111011111011111011111110111010101110111110101
10001000000010000010000000100010001000101000101
11101011111110111110111111111011111010101010101
10001010000010000010000000000010000010001010101
10111110111011111111111110111111111011111011101
10000010001000100000100000100000100010001010001
11111011101110111010101111101110111110101010111
10001010000010000010001000001010000010100010001
10101010111111111111111011111011111010111010111
10101010000000000010000010000010100010100010001
10101011111111111010111110111010101110111111101
10100010100000000010000000101010100010001000001
10111110101011111111111110101010111011101011111
10000010001010000000100000100010100010101000001
11111011111010111011101111101110101010101111101
10001000100010001010001000100010101010001000001
11101110101111101010101010111010101011111011101
10001000100000001000101010001010001010000010001
10101110111111111111111011101110111011111010111
10100000100010000010000010100010100010001010101
10111111101011111010111110101010101110101010101
10000000001000100010000000101000101000100010001
10111111111110101111111011101111101010111111111
10100010000010000000001000101000000010001010001
10101010111011111111101110101011111111101010101
10101010001000101000100000101010100000001000101
10111011101110101010111111111010101111111111101
10000000001000100010000000000000100000000000001
11111111111111111111111111111111111111111111111
