11111111111111111111111111111111111111111111111
10000000000000000000000000000000000000000000001
10111110111110111110111010111010111110111110111
10000010000010100000001010001010100000000010001
10111010101010111111101110111010101110101011101
10100010101010001000000010100010101000101000101
10111011101010111011111110101010111011111011101
10100000101010100010000000101010100000100000101
10101011111010101011111010101110111110101011101
10101000001010101000001010101000100000101010001
10111011101110111011111010111111101011111110111
10100010000010100000001010001000001000100000001
10101110101011111010101111101010111111111110111
10100010101010000010100000101010000000000010001
11101111111010101011111010101010111011111011101
10000000001010101010000010101010100000100000101
10111011111011111011111011111010101111111011101
10001000100000001010000000001010100000001000101
10101111111011111010101111111110111111101011111
10101000000010000010100000100000000010001000001
10101010101011101111101110111110111010111111101
10101010101010000000100010000010001010000010001
10101111101110101010101110101011101010101010101
10101000000010101010100010101000101010101010101
10111011111011101111101011111011111010111010101
10100000001000101000001000001000001010100010101
11101011111011101110111010101111111011101110101
10001000100010000010100010100000001010000010101
10101010101010111111111011111011101010101110101
10101010101010100000000010000000101010101000101
11111110111111111111111110111111111011101110101
10000000000000100000000000001000000000100010101
10111010101010101110111010111011101111101011101
10100010101010101000001010001010001000001010001
10111110111010101011101010101110111111111110101
10000010001010101010001010101000000000100000101
10111111111011111011111011101110101010111011101
10100000000000001010000000101000101010001010001
11101111111010101110111111111010101010111010101
10000000100010101000000000001010101010100010101
10101010101110111111101011101010101111101011101
10101010100010000000101000101010101000001010001
10101010111010111111101111101011101111111010111
10101010001010100000000010001000101000000010001
10101111111010111110111111101110111110101111101
10101000000010001000100000000010100000100010001
11111111111111111111111111111111111111111111111
