11111111111111111111111111111111111111111111111
10000000000000000010000000001010101000100010001
11101110111111111011101111101010101110111010111
10100010100010100000101010000010000010100000101
10111111101110111110111010111011111010111010101
10101000001010000000001010100010100000100010001
10101111101010111110111011101010111110101011111
10001010001010100000000000101000101000001000001
11101011101011101010111011111110101011101111111
10000000000000101010100000101000100000100000001
10101110101110111111111110101110101010101110101
10101000101000100010001010100010001010101010101
10101111111110101111101010111010111111111010101
10101000101000001000001000100010001010101010101
11111110101111101110111110111010111010101010111
10000000000000100000000010000000101000001000001
10101011111011101011111011111010101110111110101
10101010000010101000101000100010001000100010101
11111111101010111111101011111110111110101111111
10101000101000101010100010100000000000000000101
10101010111110101010111010111011101011101010101
10001010000000000000000000000000101000101010001
11101010111011111010111111111010111011111111101
10000010001000101010001010101010100000001000101
11101011111111101111111010101011101111111110111
10101010100000000000001000000000101010000000001
10111110111011111110101010111011111011101111111
10101000000010100000100010100000000000000000001
10101111111110101011111011111010101010111111111
10000000000010001010100000101010101010001000001
11101010111011101010101011101011101110111110101
10001010100000101000101000100010001000000000101
11101110111010111011111010101011111111101010111
10101000100010000000100010101010001000001010001
10111110111110111110101011111010111111101110111
10000000100000100000101000100000001000000010001
11101111101011111110101011111010101110111010101
10001000101000100000101000100010101000100010101
10101110111010101111101111101010101011111011111
10100010000010101010000000101010101000001010101
11101111111010111010111011111110111010111010101
10000010001010100000100010001000001010100000001
11101111101110111010111010111110101011111010101
10001000000000101010001000101010101010101010101
11101111101010101010101011101010101110101011101
10000010001010001010101010000000100000100010001
11111111111111111111111111111111111111111111111
