11111111111111111111111111111111111111111111111
10100010001000100010101000100000101000100000101
10101111101110101010101110101111101110101111101
10001010100010101000100010100000100010000010101
11101010101110111011111010111010111011101110101
10001010100010101000100000101010001000000000001
11101010111010101010101111101011111110101111111
10000000000000000010100000100000100010100000101
10111011111111111110101110101110111011101111101
10100000100010100010001010000010100000100000101
10111110111010101110111010111111111110101110101
10001000001000001000100000000010101010101000101
11101111111011111110101111101110101010111011101
10001000100000101010101000000000100000100010001
10101110111010101011101111111011111011111010111
10100010101010001010000000100000001000001000001
11111110101011101010111110101111101111101111101
10001000001010001000100000100010100010000000001
11101111101110101011101111101110111010111111111
10000000101010100010100010101000101000000000101
10111110101010111010111010101110101011111010101
10100010100000001000100010001000000000100010001
10101011111010111110101011111011111111101110111
10001000001010001010101010000010100000001000001
11101110111110111011111011111110111110111010111
10100010100000100000000000000000000010001010001
10101110111011111011101111111011111111101111101
10101000001010101010000000100010000010000010101
10101011111010101011111110101110101110101110101
10001010100000101010000000100000100010100010001
10111110111010101010101111111111111110111111111
10000000000010001010100000101000100010101000101
11111010111111111110101110101110101110101110101
10001010100000000000101010100000100000000000001
10111011101111111111101010111011101110111011101
10101000101000100000100010100000100010100000101
10101111101110111110111010111010111011101011111
10000000100000001000000010001010000000101000101
10111110101111111110101010111010111110111011101
10000010000010001010101010101010001010001000101
10101010101111101010111111101110101011101111101
10101010100000001000001000100000100000100010101
10101111111110111111111010101111111010101110101
10100000001010100000100010000000001010100010001
10111110111010111010101111101011111111111010101
10001000001000000010100010001000000000001000101
11111111111111111111111111111111111111111111111
