11111111111111111111111111111111111111111111111
10000000000000000000000000000000000000000000001
10111011101011101111111110111110111110111011111
10100000101010000000000010100000001000100000001
11101011101011101111111111101110101010101010101
10001000101010000000000000101000101010101010101
10111011111010101111111011101111111010101110111
10001000001010100000001010000000100010101000001
11101111101010101111101010101111101111101111111
10000000101010100000101010101000000000100000001
10101010101110111011111111111110101110111111101
10101010100010001000000000001000100010000000101
10101111111111111011101110101010101011111011101
10100000000010000010001000101010101010000010001
10101111101111101111101010101011111010101011101
10101000001000000000101010101000100010101000101
10111111111010111110111011111011111011111111101
10100000000010000010100000100010000000000000101
11111011101010101110111011101110101011111110111
10000000101010100010100000101000101000100000001
11111011101110111111111010111111101010111011111
10000000100010000000001010001000001010001000001
11111011101010111110101111111110111110111011101
10000000101010100000100000000010100000100000101
10101111111011101011101110111110111011101110101
10101000000000101010001000100000001000100010101
10101011111110111110101111111111101011111010101
10101010000000100000100000001000001000001010101
11111111101111101110111110111111111111111010101
10000000001000000010100000001000000000000010101
11111110111110111111111010111110111111111110101
10000000001000000000001010100000100000000000101
10111111101110101110111010111110101010101110111
10000000100010100010100010000010101010101000001
10101010111011111110101110101011111110111111101
10101010100000100000100010101000001000100000001
10101010101111111110101111111010101111101111101
10101010101000000000101000000010100010000010001
11111010111010101011101011101111111010101011101
10000010001010101000101010001000000010101010001
11111111111010111111101110101111111011111110111
10000000000010100000000010100000001000001000001
10101110111110101010101011111110111010101110101
10100010000010101010101000000010100010101000101
10111110111010101110111111101111101011111110111
10100000001010100010001000000000101000000010001
11111111111111111111111111111111111111111111111
