11111111111111111111111111111111111111111111111
10000000000000000000000000000000000000000000001
10111111101010101111101111101111111011111110101
10100000001010101000000000100010000010000000101
10101110101110101110101110101110111011111011101
10100010100010100010100010100010001000100010001
10111111111110111111111011111010111111111010111
10000000100000000000001010000010100000000010001
10111111111010101010111111111010101110111010111
10000000100010101010000000100010101000100010001
10101110111111111110111111101110111110101011101
10101000000000001000001000000010000010101000101
11111011101111111010111110101011111111101110101
10000010000010000010001000101000000010000010101
10101110111110101011111110101110101111111010101
10101000000010101000001000100010101000000010101
10111011101011101011111111101111111011111110101
10001010001010001000000010000010000000001000101
11111111101011101110111010111110101110111010101
10000000001000101000001010100000101000100010101
10111111111110111111111111101110101010111110101
10000000100000000000100000000010101010100000101
10101110111011101110111010111110101010101010101
10101000100000100010100010000010101010101010101
10111111111111101010111111111011101011101011101
10001000000000001010100000000010001000101000101
10101010111110111011111010111011111111101111111
10101010000010100000001010001000100000000000001
10111111111010111011101110111010111111101010101
10000000100010100000100010100010000000101010101
10101111101010101110111011101110111011101111101
10100000101010101000001010000010100000100010001
11101110101111111010101110101010101011101010101
10000010100010000010101000101010101000101010101
10111010101010111011111111101011101011101110111
10100010101010001000000010001000101010000010001
10101010111010111110111011111010111011111111101
10101010100010000010100010000010100010000000001
10111011111011101011111110111110101110101110101
10100010000000101000000010000010101000101000101
10101111101111101111111010111110101010101010101
10101000000010000010000010100000101010101010101
10111010101011111110111010111010101110101010101
10001010101000000010100010100010101000101010101
11101110101010111111111011111110111010101110111
10001000101010001000000000100000100010101000001
11111111111111111111111111111111111111111111111
