11111111111111111111111111111111111111111111111
10000000000000000000000000000000000000000000001
11111011111110111011111010111011101010101110111
10000000100000001000100010001000101010100010001
11111111111011101110111110101110111110111110111
10000000000000100010000010100010100000000010001
10111010111011101011111110101111111111101110101
10100010001000101000000010100000000010000010101
10111111111011101011111111101011101110101111101
10000000001010001000000000101010001000100010001
10101010111110111011111111111010101010101111101
10101010000010100000000000001010101010100000101
11101010111011111011101110101011111010111010111
10001010001000001000100010101010000010100010001
11111011111110101110101010101110101110101011111
10000000001000101000101010101000101000101000001
10101011111010111111111010101011101111111010111
10101000001010001000000010101010000000001010001
11101111111010101111101010101011111010111011111
10001000000010100000101010101010000010001000001
10111011101110101111111110101010111111101010111
10100000100010100000001000101010000010001010001
11101011101111111010111010111111111010101010101
10001000100000001010100010000000001010101010101
10111110101011101010111010101011111111101110101
10001000101000101010001010101010000000000010101
11101011101011101011101011101110101110101010101
10001010001000101000101010000010101000101010101
11111111101110101011101111101110111010101110111
10000000001000101000101000000010100010100010001
10111011101111111011101110111110101111111010101
10100010000000100010000010001000101000000010101
10101110101110111011111010111111101011101011101
10101000100010100000001010000000101000101010001
10101110111010101111101110111111101011111110111
10101000100010100000101000100000001010000000001
11111011111010101011111010111010111010111011101
10000000100010101010000010001010001010100010001
10111110111110111011111111111110111011101011101
10000010001000001000000000001000100000101010001
10101111111110101011111010101011101010111110111
10100000000010101000100010101000101010001000001
11111010111010111011101110101111111111111011101
10000010001010100000100010101000000000000000101
10101011111111101111111011111111101011101011101
10101010000000000000100000000010001000101010001
11111111111111111111111111111111111111111111111
