111111111111111111111111111111111111111111111
101000001010001000001010000010100010100000001
101111101010111110111011111010111010111110111
100000000000101010000000100000000000101000001
111111111010101011111011111110111110101110101
100000101010000010100000100010100000100010101
111010101111101010111010111011111110101110111
101010101010001000100010101000000000101000001
101110101011101011111110101111111011101110111
101000100010101000000000001000100010101000001
101110111010111110111011101011111010101011111
100000000010100010100000100000000010101000001
101110101110111011101111111111111010101110111
100010101000001000101010001000000000001000001
111111101011111010101010111010111011101011111
101000000000101010100010000010100000100000101
101111101110101110111110111111111010101010101
100000100010000010100010100000000010101010001
111011111111101110111011101010111111101110101
100000001000101000000010101010100000001000101
111110101011101111111010111111101011111111101
100000100010001010101010000010001000101000001
111111111011101010101011111011111011101010101
100010101010000000100000100010000010000010101
111010101011101010101110111011111011101111111
100000000000001010000010000000000010001000101
111110101110111110111110101011111011101011101
101010101000001010001000101000101010000000001
101011111010111011111010111011101011111011111
100000000010001000000010100010100010100000001
101110101010111010111011111110101110111110111
101000101010101010100010100010000010001000001
101110111010101111101110101110101010111111101
101000001010100000000010000000101000000010101
101110111111111010111110111010101111101110111
100010101010100010100000101010100010000000101
101111101010111010111011101011101011101010101
101010000000000010101000100010001010101010001
111011111111111011101011101010101010101111111
101000001000001010000010001010101010000000001
101110111111101111111111111010101110101010101
100000000000000000000000100010101010101010101
111010111011111110101110111011101011101110101
100010001000001000101000000000100000101000101
111111111111111111111111111111111111111111111
