111111111111111111111111111111111111111111111
100000000000001000100000001010000010000010001
101111111111101010101111101010111011111010101
100000100010001010001000001010001010000000101
111110101010111011111011111010101010111111111
100000101000100010001010000010101010100000001
101110101111101011101010111110101110101111101
101000100000001010001000100000101000001000001
101011111111111110111111101111101011111011111
101010000000000010100000100010001000100010001
101010111111111010101111111010111110101110101
101010001000100010000000000010000010100000101
101111101011101111111111111111111010111111101
101000101000101000001000100000001000100000101
101010101110101011101011101111101111101110101
101010100000101000101000000010001000101000101
101010101111101110101111111110101011101110101
101010001000000000100010000000101000101000101
101011111011111111101010111110101110101011101
100000100010001000101010000010100000101000001
101111101110101010101011111010111111101111111
101000000010100010101010001010000000100010001
111011111110111110101010101011111011111010111
100010001000000010101000101010001010000010001
101110101011111110101111101010101010111111101
101000100010001000101000100010101010000000101
101011111110101011111010111110111011101110101
101010000010100010000010100010000010100010001
101010111010111110101110101010111110111011101
100010100010000010101000101000100010100010001
101110111110111110101011111011101010101111111
100000100010100000101000001010001000001010001
111110101010101011111111101010101111111010101
100010101000101010000010001010100000100000101
101110101111111010111110111110111110101111101
100010100000100010100000001000100010001000101
111010111110101110101111111011101011111010101
100010000010001000001000000010001010001010101
101110111011111011111011111111111010101010101
100010001010000000000010001000000000100010101
111011101110111111111110101110111111101111101
100000100010100000001000101000100010001000001
101110111010101111101111101011101011111011111
100010000010001000000000001000001000000000001
111111111111111111111111111111111111111111111
