111111111111111111111111111111111111111111111
100000000000101000100000000010000000000000001
111111111110101011111110111111111111111011111
100000000000000010100010000010101000001000001
111010111011111010111010111110101111101011111
101010101000100000000000000000100000101010101
101111101010101111111110101010111011101010101
101000001010101000101000101010100010000000101
101110111111111110101110111111101011111110101
100000100010001010000000101000101010101000101
111110101111101011111110101011111010101110101
100000000010100010000010000000100000001010101
111110111010111011101110111010111110111010101
101010100010001000001010001010100010100000001
101011111010111010101010101111111010111110111
100000101000101010100000100010101000001000001
101110101110101110111011111110101110101010101
101010000000000000101000001000101010101010101
111011111111111111101011111110101010111110111
101000001000100010000000101000100010001010001
101011111110111011111011101110101110111010111
101010101010000000001000101000001000100000001
101010101011101110111010101010111011111011111
100010100000101000001010001010100000100000001
111010111110111111101110111110101111101110111
101000100010101010000000001010100010101000001
101010111010101011111010101010101110111011101
100010001000100010100010101000000010100000101
101110111011101110111110111010111110111011101
101010001010000000001010001010100010100000101
111011101011111111101010111110111010111010111
101000000000000000000000000000101000001010001
101010101110101111101110101010101011111011101
100010100010101000001000101010000000100010101
101110111010111011101111101111111011101110101
101010100010100000101010001000000000000010101
111011111111101011111011111111111011111110111
100000100010001010101010100010100000000000001
111110101110111110101010101110101110111110101
101000100010101010000010001010001000000010101
101011111011101011101111101011101010111111101
100010001010101010100000000000001010000010101
101010111010101010101110101010101110101110101
101000000000000000001000101010100010100000101
111111111111111111111111111111111111111111111
