111111111111111111111111111111111111111111111
101010001010100010001010000000000010000000001
101011101010111010111011101010111111101011111
100010101010101000001010001010001010001010001
111010101010101011111010111111101011111010111
101010100010000010000000001010001010000010001
101010111011111011111111101011111011101010111
100010101010100010001010100000100010001000101
111010101010111011101010101111111010111011101
100010000000001000000010000000000010001010001
101010111011111111101110111011101110111110101
101000100000100010001010101000101000000000101
101110111111101111101011101110111110111111111
101010001000001010100000101010000000101010101
111011101111101010101111101010111010101010101
101010000010100010001010000010001010000010001
101011101110111011101011101110101111111010111
100000001010000000001010000000100010100000001
111011101011101110101010111111101110111011101
101010000000101010100010000000101000001000101
101111101011111011111010111110111110111011101
100010101000000010000000001000000000101010101
101110111011111111111110101111111111101110111
101010000000000010000010101010000000101000101
101010111111111011101110111010111111101011101
100010101000001000000000000000001010000010101
101111101111101010101110111111101010111110101
101010000000100010101010001010100010000000001
101011101111111110111010111010111111101010111
100000000010001000100010001010000000001010001
111110111111101110101010111010111110101011101
101000001000100010101000000000100010101010101
101110111011111011111110111110101111111110111
101010000010000000100000101010101010100000101
101010101011111110101010101011101010111011101
100010101000000000001010000010100000001000001
111011101011111110101111101110101110111010111
100000001010001000101000000010000010000010101
111110101110101111101011101110101011111111101
100000101000100000001010100000101000101010001
111110111110111011111010101010111111101010111
100000001000101010000010001010001010100000001
101110111111101011111011111110111010101110101
101000000010000010000000100000000000000010101
111111111111111111111111111111111111111111111
