111111111111111111111111111111111111111111111
100000001000001000000000100000100010000010101
111110111010111011111010101110111010101010101
100000100010000010000010001000100010101000101
101111101111111110111111111011101010101111101
100000101000000010001000001000101010100000101
101110101010111111101011111110101010111110101
100010001010001000001010000000101010100010101
111011111111101011111010111111101110101110101
101000100000001000100000000000001000101000101
101110101111101110111111111011111011101010101
100010100000101000100000001010001010001010101
101110101110111011101111101110101010101011101
100010101010001000100000100010100010101000001
101010101011101110111110111010111111101111111
101000100010100010000000100010100000000000001
101111111010101111111111101010101110111111111
100000001000100000101000001010100010000000001
111111101011111010101011111010111011111111101
100000101010001010001010001010001000101000001
101010101110101011111010101111101110101011101
101010100010101010001000101000001000001010001
101010111010101010101111101011111111111010111
101010001000101000100010001010000000001010001
111010111111101111111010111010111111101011111
100010100000000000000010001010001010001000001
101111101111111111111011101010101010111011101
100000100010000000001000101010101000100010101
101110111010111111101011101011101011101110101
100010001010100000101010001000001010100000101
101110111010111110101110101111111010111110101
101000100010000010001000101000000010000000101
101011101111111010111011111011111111111111101
101010001000001010001000100010000000001000101
111010111010111011101110101110111110101010101
100010001010001000100000100010001000100010101
101111101111101110111111111011101011111110101
101000100000100010100010001010001000100010101
101010111110111010101010101010111110111010101
101010000010000010001010100010100010001010001
101011101111111011111010111111101011101011101
101010001000100010100010100000001000001010001
101010111010101110101110101111111111111010111
100010000010000000100000001000000000000000001
111111111111111111111111111111111111111111111
