111111111111111111111111111111111111111111111
101010000000100010101000101010000010000000001
101010101110111010101010101010101011111011101
101000100010100000100010000000101010100010001
101011111011111110111111111111101110101010101
100000101010101000100010100010100010001010101
101111101010101110101010101010101010111110111
101000100000100000001000001000001010000010001
101110111011111011111011111111111111101110111
100000100000100000101000100000000010100010001
111111111110111110101110101111111110111010111
101000100000101010101000100010100010100010001
101010101010101010101011101110101110111010111
100010101010000000101000101000100010000010001
101111101110111110101110101010101111111011101
100000001000100000100000100010100000000010001
111110111111101111101110101111111011111010101
101000000010101010101000101010000010000010101
101010111110101010101011101010101110111111101
101010000010100000101000000000100010000010001
101010101010111111111111111111111111101111111
100010101000100000101010001010001010101010101
101111111111101111101010101011101010101010101
100000000000100000101000101000000010000000001
111111101111101011101110111011101010101111101
100000101010101000101000001010001000100000101
101010101010111110101111101111111011111111111
101010000000100000100000000000001000101000001
101111111111101111111111101110101110101011101
100000100010100010101000101000101000000010001
101110101010101110101011101011101010101011101
101000101000100000101000001000100010101010001
101010111011111110101011101111111111111011111
101010000000100000000000101000100000100010001
111011101110111111111111101011111110101110111
100000101010100010000000001000001000000010001
101111101010111011111111101110101010101010111
100000101000100010101000101000100010101000001
111111111110101110101010101011111011111111101
100010100010100010000010101000101000100010001
101110111010111010101111101010101110101110111
101000101000100010100010101010100000000010001
101010101010111010111010101110101110111010111
100010000010100000100000001000101000100010001
111111111111111111111111111111111111111111111
