111111111111111111111111111111111111111111111
100010101000100010000000000000000000101000101
111010101010101011111111111111111110101110101
100000001010001010100010001010101010101010101
111111101110111010101110101010101010101010101
100000001000001010000010100000000000100000001
111111101011111110101111101111111111111111101
100010001000001010100010000010001000101000101
111011101010101011111011101110111110101011101
100010001010101000000010000010100000100000001
111011101110101010111111101110101110111110111
100000000000100010000000000010001000100000001
101110111110111011111010111011111011111010111
100010001000001010000010100000001000100010001
111111111110111110111111111010101011101110111
100000000000100010001010000010100000100010001
101110101110101010101010111010111111101010101
100010100010001010100010001010000010101010101
111111101111111110111110111110101110101111111
101000001000100010000010000010100000100000001
101010101010101011111111111011111111101111111
101010100010001010000000000000000000000000001
101111101110111010111111111111111111101111111
101000100010101010000000000000000000100010001
101011111010101010111111111111111111101010101
100000001010100010100000101010100010101000101
101011101010111010101011101010101010111110101
101000100010100010001000000000001000100010101
111111111111111110111111111111111111101010101
100000001010100010000010101000101000101000101
111111101010101010111110101010101011111111101
100000101000001010001010001010001000100000001
101011101011111010101011101110111011101110111
101000101000100010100010001010000000100010001
101110101010111011111010111010101011111111101
101000001010100010000010000000101010100000001
111111101110111010111111101111111010111111101
100000000000100010000010000000001000100000001
101110111011111011101111101111111110111110111
101000001000100000000010000000001000101010101
101011101110111010101011101111111110101010101
101000101000100010101000000000001000100000101
111111111111111110111111111111111111101110101
100000000000000000000000000000000000101000001
111111111111111111111111111111111111111111111
