111111111111111111111111111111111111111111111
100000100000000010000010001000000010000010001
101110101111101011101010101110111010111010111
100010100010001000101000101000100010001010001
101010111110111110101111101011101111101011101
101010000000100000001000001010000000001000101
101011111011111110111110111011111111111110101
101000001010000010100010100010000000100010001
101111101110111011101010101110111110101111101
100000100010101000101010101000101000100000001
111110111010101110101010101011101011111110111
100000100010100010001010001000001010000010001
111111101010111011111011111111111010111011101
100000001010001000001000000000101000100010001
101111111111101011111111111010101111101110111
100010000000001000100000100010001000101000101
111010111111111110101110101111101110101011101
101000100000000010101000001000100000101010001
101111111011111010101111101010111111101011101
100000000010000010100010001010000000001000001
101011111110111110111011111011111111111111101
101010000000000010001000000010000000101000101
101011111111111010111111111110111010101010101
101000000000001010000000000010001010001010001
101111111111101011111110101111101011101011111
100010000000101000000000101000001010001010001
111010111011101111111011111011111010111011101
101000100010001000100010000000001010001010001
101111101110111010101110111111111011111010101
100000100010001010001010100000000010000010101
101011111011101110111010101111111110111110111
101000000010100010000010100000000000100010001
101111111110111011111010111111111111101011101
100000100000100010001010100000100010001000001
111110101110101111101010101110101010111111101
100000101000101000101010001010001000100000001
101111101011101010101011111011111111101111111
101000001000101010001010000000100000100010001
101110111110101011111010111010101110111011101
100010000010101000000010001010001000001000101
111011111010101011111111101011101111101110101
101010001010101000100000001000101000101000101
101010101010101111101111111110111010111011101
100000100010100000000000000010000010000000001
111111111111111111111111111111111111111111111
