111111111111111111111111111111111111111111111
100010000000100010000000000000000010000000001
101011111110111010111111101111111011111010111
101000001000100010100000101000100010001010001
101111101011101111101110101011101110101111101
101000101000100000001010001000001000100000001
101110101110111111111011111011111110111111101
100010000000100000000010001000100010000010101
101010111111101011111010101110101011111010101
101010001000001010000010100010001010000010001
101010111011111011111110111011111010111110111
101010100010001000000000101000000010000010001
101011101111101111111111101111111110111011101
101000100010000000001000000010001000001000101
101110111010111111101110101010101111111110101
100010001000100000100010101010100000001000101
101110111111111010111010101010111111101011101
101000100000001010001010101000100000001000101
101011101110101011111011101111101111111110101
101000001000100010001010001000100000100000101
111111101011111010101010111011111110111011101
100000101010100010101010100000100000100010001
101110111010101110101010111110101111101110111
100010000010101010100010100010001000001000101
111011111110101010111110101011101011111011101
100010001000000010000010001000100010001000101
101110101111111011111010111110111111101110101
100000100000001010001010000010100000100010101
101111111111101011101011111110101110111010101
100010001000101000001010000010000010001010001
111010101010101110111010111011111011101011101
100000100010101000100010001000001000101010001
111111101111101111101110101111101111101010111
100000101000100000100010101000100000101010101
101110111010111010111010101110111110101010101
100010000010001010100010100010000010101010101
101011111111101110101111111010111010101010101
101000000010000000100000100010001010101000101
101111111010111111111110101110101010101011101
101000000010001000000010100010101010101010001
111011111110111011101010111011101010101010101
100010001000100010001010001010001010101000101
101110101111101110111111101010111110101111101
100000100000000010000000000010000000001000001
111111111111111111111111111111111111111111111
