111111111111111111111111111111111111111111111
100010000010000010101010000000001000100010001
111010101110101110101010101010101110111010111
100000101000100000001010101010101000100000001
111011111011111011111010101010101011101110111
101000001010000000000000101010101010000010101
101010111111111011101011111111111011111011101
100010000010000000101010001000000000100000001
101011111111101111101111101011111110111010111
101000000000100000101010001010100000000010001
111110101010101111101010101010111110111110111
100000101010001000101010100000000010100000001
111111101111111010101011111111111011101110101
100000000000101010000010101000101010001000101
111010111011101111111110101110101011111011111
100010001010000010101000101010000000001000101
101010111011101110101110101010101111101010101
101010001010000000001000101010101000001010001
101111111111111110111110101011101111111110111
101000000010101010100000100000000010000000001
101011101110101010101010101011111111111110101
100000100000101010001010101000001010000000101
111111111011101011101111111110101010111010111
101000000000000000000000001010101010101010001
101011101111111110101011111010111010101110101
100010100000000010101000000010000010100000101
111110101111101011111110101010101110111011111
100000000010001010101000101010100010001000101
111111111110111110101110111110101111111110101
101000001010000000001000100000100000100000001
101110101011101111111111111010111111101011101
100010101010001000000000000010100000001000101
111011101011101011111111111110111110111111101
100010000000100000001010001010100010000010101
111011101011101011101010101010101010111010111
101000001000101010100010100000101010100000101
101010101111111110111011101110101111111011101
101010100000001000000010000010000010101000001
101110111011111111111111101111101010101011111
101000101000001000001000000010001000100010001
101111101011101110111110111111101111101111101
100000000010000010100010001000101010100010001
101011101111101010101010111011101010101010101
101000101000001000001000100000000010001000101
111111111111111111111111111111111111111111111
