111111111111111111111111111111111111111111111
100010001000100010000000000010000010000000001
101110101011101010101111111110111010111011111
101000100000101010100000100000100000100010001
101010111110101010111110101010111111111110101
101010100010001000100010101010001000001000101
101010101011111111101010101111101011101011101
101010001010000010001010001000100010001000101
101011101010111010111111111010111110111110101
101010001010001000001000101010001000100000101
101010111011111110101010101011101011101110101
100010100010001000101010100010101000001010101
111111101010101011101110101110101111111010101
100010001010100010001000100010001000000000101
101010111110111111111011101010111011111111101
101010100010000000001010001010001010100010001
111010101011111110101011111011101010101010111
100010101000001000100010000010001000101010001
101010101111101011111010111110111110101111101
101010001000001000001010001000100000101000101
101011111010111111101111101011101111101010101
101000100010100010001000001000100000100010101
101110111110101010111010111110111110101111101
100010100000101000100010001000100000001000001
111011101111101110101111101011111111111010111
100000000000001000101000001000001000001010101
111111111111111011101111111111101011101110101
100000000010000000101000100000100010001000101
101111111011111111101010101110111111101011101
100010001000000000001010001000100000101000001
101010111110111110111110111010111110101110101
101010000010100010001000100010100000100000101
101011111010111011101011101110101110111111111
101010001000100010101000101010101000000010001
111010101111101110101110101010101111111011101
100010101000100000100000100010100000001000101
101110101010111011111111111010111110101110101
101000100010001000001000000010100010101000001
101011111111101110101011111110101010101011111
100010000010001000100000100000101010101000101
101110101110111011111110101111101011101110101
101010100010001010000000101000101000001010001
101010111011101010111111111010101111111011101
100010001000001010000000000010000000001000001
111111111111111111111111111111111111111111111
