111111111111111111111111111111111111111111111
101010100000100000101000101000001010101000101
101010101011101011101110101110101010101110101
101010001010001010000010001010100000100010101
101010111111111011101110101011111010101110101
100010101010101010100010100010101010100010101
101110101010101010101111101110101011101110101
100000000000101000000000001010101000001010101
101110101010101110101110101010101011111010101
100010101010001000101000100000100000101000001
101111101111101011111111111110101110101011111
101010000010100000101000000000000010000000001
111011101010101111101110101010101111101111111
100010001010001010000000101010100010000000001
101111101011101010111110111110101111101010111
100000001010100010100010100000101000001010001
111010111110101111101110111011101011101110111
100010000010000010100000001010101010000010001
111111101110101110101010111110101111101111101
100000000010101000001010001000000010100010001
101111101111101110101110101110111110101111101
100010001010001000100010101000100000000010001
101111111011111110101110111010111110101111101
100000101000000000101000001010001000100000101
111011101111111010101111101010101111101010111
100000001000000010100010001010101010001010101
111010101111111111101110111011101010101110101
100010101010100000000010100000101000100010001
111010111010111011111110111011111110101111101
100010100000000000100000100010001000101000001
101010111011101011111111111010111110111110101
101010101000101010000010000000001000001000101
111111101111101011101010111110101110101010101
100000100000001000101000001000100010101010101
111110111011101111111010101110111110111011111
100000000010100000100010100010000010101000101
101111111110101011111110111110111111101010101
101010001000101010000000101000000000100010001
111010111110101110111110101110101110111010111
100000000000001000100000001000101000101010101
101110101110101110101010111110101110101110101
101000101000101000101010001010101010100010001
111110101110111110111011101010111011101010101
100000101000100000100000100010000000101000101
111111111111111111111111111111111111111111111
