111111111111111111111111111111111111111111111
100000000000000000000000000000000000000000001
101011101111111111111111101010101010101111101
101000100010000000000000001010101010100000101
101010111111111110111111101110111111101011111
101010100000000000000000101000000010001000001
101110101110111111111111111011101111111011101
100010100010000000000000100010000000001000101
101110101010111010101110101111111011111010101
101000101010001010100010100010000000001010101
101110101110111011101111111010101111111110111
101000101000100010000000001010100000001000001
101011101110101010101111101111111111111011111
101000101000101010101000000010000000000000001
101110111110101010111010111011111110111110101
101000000010101010100010100010000000000010101
111011111010111011111111101011101010101110101
100010000010100000100000001010001010101000101
111010111010101010111110101011111011111011101
100010100010101010100000101010000000100010001
101110111010101011111011101111111010101010101
101000100010101000100010000000001010101010101
101011111111101110101010101110111110111011101
101000000000100010101010100010000010100000101
111110111010111011101110111010111010101110111
100000001010001010000010100010100010101000001
101111111111111010101111101111101110111011101
100000000000100010100010000000101000100010001
101111111011101010101010101110101010101010111
101000000000101010101010101000101010101010001
101011101011101010101110111111101110111011111
101000101010001010101000000010000010100000001
111110101111111110111111101111111111111111101
100000100000000010001000000000100000000000001
101110111111111010101111111110111111101010101
101000000000100010101000000000000010001010101
111011111111111110111111111111101111111110101
100000000000000010100000000000000000000010101
101111111010101010101111111010111011111110101
101000000010101010100000001010100010000000101
101011111011111011101011101111101110111110101
101010000010000000101010001000001000000010101
111010101111111111101110111110111110101010101
100010100000000000100010100000001000101010101
111111111111111111111111111111111111111111111
