111111111111111111111111111111111111111111111
100010101000000010100010100000100000000000101
111010101110111010101110111011111111111011101
100000000000001010000000100000001010000010101
111010111111111110111110111011111010111110101
101010000010000010100010100000101000000010001
101011101011111011101010101110101011111111101
100010001010100000101000001000001000000000001
111111101110101110101110101111111111101111111
100000000000001000000010101010100000100010001
101111111110101011111111111010101011111011101
100000001010101010101010001000101000001000001
101111101010111110101010111110111111101011111
100010000010001000001000100010100010000000101
101111111011111010111011101110101111101111101
100000001000101010001000000010001000001000001
101011101110101011101010111111101110111110111
101010101000100000101010000010001010000000001
111010101110101011111011111011101010101011101
100010001000101010101000101000000000101000101
111010111010111010101110101011101011111111101
100010101010000010000000101010101000100010001
111111101011111011111111101010111011111011111
101010101010000000100000000000100010101010101
101010101111101011111111101111101110101010101
100010101010101000000000000010001000100000101
111010101010111011111111111110111110101110101
100010000000000000100000000000001000001000101
101010111111101111111010111010101110101110101
101000100000100010000010100010100000101010001
101010111011111111101010111111101110101011101
101010001000000000001010100010000010100010001
111011111011111110101111101011111011111111101
100010100010000010100000001010001000000000101
101110111011101111101111111111101111101110101
101000100010000000001000000000000010000010101
101011101111101110101111101110101111111011111
100010000000101000101000001010101010100010001
101111101011101110111011111011101010101010101
100000101000100010000000000010100010101000101
111110101110101110101111111110101010111110101
100010101010100010100000001000001000100010101
101010111010111111111011101110111010111010111
101000100000100000000000100010001010100000001
111111111111111111111111111111111111111111111
