111111111111111111111111111111111111111111111
100010101000100000100010100010001010001000001
101010101110101110111010101010101010101011111
101000001000100010000010001010101000101000001
111011101011101110111110111111101110111010111
100000100000000010100010000000000000001010001
111111111110101110101110111110111110111111101
100000001000100010000000001010001010001010001
111110111110111011111010111010111010111010101
100000101010100010000010000010001000000000101
101011101010111110111111111111111111111111111
101010001000101000001010001010100000100010101
101010101011101110111010101010101111101010101
101000101000100000100000101000100000101000001
111011111110101010101110111011101010111010101
100000000000101010001010001000101010000010101
111111111110101111111010101011101111101010101
100000100010100000101010101000100000101010101
101011101010111011101011101011111111101111101
101000001000100000001000000000100010001000101
101111111111101011101011111011101110101011101
100000000000101000101000001000100010101000101
111111101111111110111111111111101011101010101
100000001000101000100000100000101000000010101
101111111110101110111011111010111111111011101
101000101000101000100000100010100010001000101
101010101110101011101111101110101110101010101
100010000000100000000000100010100000100010101
111011111110101011101110111010111011111111101
100010101000101000100010000010100010000000101
111010101011111111111111111011101010101110101
100000001000101000100010100000101000101000101
111110111111101110101110111011101111101011101
100010001000100000000010101010001000001010101
111010101110101010111010101010101110111010101
100000100000101010100010000000101010001000101
111110111111101110111110111010101010101011101
100000100010101000000000100010101000101000101
101010101010111111111111111111111011111111111
101010001000101010000000101000100000101000101
111111101111101010101110101110101110101011101
100000000000100000101010000000001000000000101
101110101010101010101010111011101010101011101
101000101010101010100010001000101010101000001
111111111111111111111111111111111111111111111
