111111111111111111111111111111111111111111111
100010000010000000001000000000000000000000001
101110101011111011111011111111111111111010101
100000101000000010000010000000001000001010101
111111101111111010111110111110101011101110101
100000100010000010000010100000101010001000101
101110111011111011111010101111111010111011101
101000000010001010000010100010001010000010001
101011111110101110111111111010101011111110111
101000100000100000100000001010101000000010001
101011101111111111111011101010101111111011101
101010001000000000000010001000100000001010001
101010111111101111101110111111111011111010111
101010000000100010001000100000001010000010001
101111111110111010111011101111101010111111101
100000100000100010101010001000101010100000001
101010101111111110101010111110101010111011111
101010101000100010100010001000100010001000001
111010101010101010101110101011111011101111101
100010101010101000101000101000100010001000101
101110101010101111101111101110101110111110101
101000101010001010001000100010100010100010101
101111101011111010111010111010101110101010101
100010001000001000100010000010001000101000101
101010111011101110111011111111111011101111101
101010100000100010000010000000000010001000001
101010111111111011111010111111111111101011111
101000100010001000100010000010000000101010001
101111101010101110111111101011111010101011101
100010001000100000100000101010001010001000101
111011101111111110101110101010101011111110101
100010001000100010101000101010101000000000101
101110101010111010101011101010101111111110101
101000101010001000101010001000100000000010101
101010111011101011101011101111111111111010101
100010100010001000101000100000000000001010001
111011101110111111101110111111101111111011101
100010001000100000101010000010001000000010101
111110111110111010101011111011111011111110101
100010000010000010101000001010000010000000101
101011101011111110101011101010111110111011101
101000101010000010001010100010100010001000001
101111111010111111111010111110101011101111111
100000000010000000000000000000101000000000001
111111111111111111111111111111111111111111111
