111111111111111111111111111111111111111111111
100000000000000000000000000000000000000000001
111010101010101110101011101110101110101011101
100010101010101000101010000010101000101010001
111110111111111110111011111011111110101010101
100000000000000010001010000000000010101010101
101110101110101110111010111011111011111111101
101000100010101000001010001010000000000010001
101011111110111111101011111111101111101010101
101010000000000010001000000000101000001010101
101011111011101111111110111110111011111110101
101010000010001000000000000010100000001000101
101010101110111110101111101111101110111110101
101010101000000010101000000010000010001000101
111011111110101010111011101011101010101011111
100000000010101010100000101000101010101000001
101011101110111010101011111110111011101110111
101000101000100010101010000000001010001000001
111011101010101011101110101010111111111111101
100000101010101010001000101010000000000000101
101010101110111011101011101011101110101110101
101010100010001010001010001010001000100010101
101011101110101011101010111110111110101010101
101000101000101010001010000010000010101010101
101010111110111011101110101011101010111110101
101010100000100000101000101000101010001000101
101011101110101011111010101110111011111110101
101000100010101000100010101000001000100000101
101111111111101111101111101110111111111010111
101000000000001000000000101000000000100010001
101111101011101010101011111010111011101110111
101000001000101010101000001010001010001000001
101110111011111110101110111110101110101010111
100010001000100000101000100000100010101010001
101110101010101111111111101011101110111011101
100010101010100000000000101000101000100000101
101011111011111010111011101010111010111110111
101000001000001010100010001010100010100000001
101111101010111110111011111111111011111110101
100000101010001000001000000000100000000010101
111111101110101111111010111110111010111011101
100000000010100000001010000010001010001000101
101110111010111110111011101010101111101111101
100010001010000010001000101010100000100000101
111111111111111111111111111111111111111111111
