111111111111111111111111111111111111111111111
100010000000100000101000001000100010100000001
101011111011111010101011111010101110111011111
101000101000100010100000000010000010100010101
111011101011111011111011111111111010101110101
100010001000001000001010000010100000001010101
101111101110111110111111101110111111101010101
100000000000000010101000000000000010000010001
101011101111111010101010101110111010101110101
101010000000001010001010100010100000100000101
111011101010111010101011111111111110101110101
100000101010001010101010000010000000101000101
101011111110111111101111111011111110111111101
101000100000100000100000000010100010100010001
111110101010111011111011101010101111101011101
100000101010100000001010001010000000001000001
111111101111101111111110111010111111111110101
101000101010100010101010101000001000100010101
101011101010111010101010101111111110101111101
101010001000000000100000001010100010000010001
101011101011111010101011101010101110111011111
100000000010000010101010100000100000100010101
101011111110111111101110111111101010111110101
101000100010001010000010101010001010000000001
101011101010111010101110101011101011101010101
101010001010001010101010000010101000101010101
111110101010101010101011101010111011101011111
100000101010100000101010001010000010001000001
111010111110101011101010111011101010101010111
101010100010101010000000101000001010101010101
101110101011111011111110101011101111111111101
101000101000000010001000001010000000101000101
101010111110111111101111101011101110101011101
100010100000000010100000101010101010000000001
101011111010111110101110111110101011111011101
101010000010000000001000100000101000000000101
101011101111111011101110111011111011111011111
101010001000001000101000100000000010001010001
111010111111101011111010111111101011101010101
100000000000100010101010100000001010000000101
101011111111101010101110111011111111111011111
101000001000101010000000001010100010000000001
101110111010111111101110111110111010111011111
100010000010100000001000001000000000100000001
111111111111111111111111111111111111111111111
