111111111111111111111111111111111111111111111
101000100000101000000010100000000000000000001
101110111110101111111010101011101110111010111
101010100000101000101000001010001000100010001
101010111010101110101010101110101110101010111
101000000010000010001010100010101000101010101
101011111111111011101111101111111111111110101
101010000000100010100000001000000010000000001
101111111011111010111111111110111011111110111
101010000000101000001010001000101010000010101
101011101010101111101011101111101011111010101
100000001010000010001000000010101000101000101
111111101111101111101110111010101110101011101
100010001000101010100000100000000000000000101
111011101011101010111010101111111010111010101
100000101000101010100010101010000010100010001
111011111110101010111011111011111010101110101
101000101000000010100010100000100010100010101
101011101111111010111110111011111111111110111
100010100000000010001000101000000000000000101
111010111111111010111110101011101110111010101
100000000000000000000000000000101010100010001
111011111011101011101011101011101010111010101
100010000010001010001010001010001000001010101
111111111011111111101010111111111110111111101
100000000000101000001010101010000000000010001
111010101011101010111011101010111110111110101
100010101000100010100010000000000010000010101
111010111011111111111010111010111110111110101
101010100000001000000010100010100000100000101
101111101110111110111111111011111011111010101
101010001010100010100000100010000010100010101
101010101011101111111110101111111010111110111
100000101000000000000000001010000010001010001
111110111111101010111110101011101110101010111
100000100000001010001000100000101000100000001
111011101011111010111110111010101110111110101
100010101000100010100000100010101000101000101
111110111010111110111110101111111110101010111
101010100010001010100000100010000000001010001
101010111011111010101010111111111011111110101
100000000000101000101010000010000000100000101
101010111011101111101111101010101111101110101
101010001000001000000010001010100010000010101
111111111111111111111111111111111111111111111
