111111111111111111111111111111111111111111111
100010100010101010100010001010001000001000001
101110111010101010111011101011101111101110111
101010100010100000100000100010001010001000101
101010101010111011111011101011101010111110101
101010001000100010000000101010000000001000001
101010111010111011111011101111111111101011111
100010100010100010000010101000000010001010001
101011111011111011111010101111101111101011101
101000000000100010100010001000100010100000101
111110111110111010111011101110101010111011101
100000100000100010100000101010101000101000001
111111101110111010101111101010101111101011111
100000001000001000001010001000000010001000101
111111101110111011101010111110101111101011101
101010101000000010100000000000101000100010001
101010111011101010101011111011111011111010111
100010001010001010001010101000000010101000001
111011101111101111101010101110111110101110111
100010100000000010101010100000001000101010101
111010101110101110111110101110111110101010101
100000001010101010101010001010001000000000001
111011111011101010101010101010111111101110111
100000100000001000000000101000000000000010101
111011111111111010111010111111101010101010101
100000100010001010100010100010001010101010001
111110101111101111111111101111101110111011101
100000001010100000000000000000001000100000101
101111111010111010101111101010101110111011101
101010100000000010100010001010100010001010101
111010111110101111101111111111101010101010101
101000001000100010001010000000001010101010001
101110101111111111101011111111101110111011101
100000100000000000001000000000100010001000101
111110101111101011111011101110101011111110111
100010101010001000101000101000001000100000001
111011111010111011101111111110111011111110111
100000000000101010000000000000100000000010101
101111111111101111101110111011111011101110101
101000100010001000101010001010101010001000001
111011101011101110111011111010101011111110111
100010001000000000001010000000001000001000001
101010111010101010101011101010111010111011101
101000100010101010100000001010100010001010001
111111111111111111111111111111111111111111111
