111111111111111111111111111111111111111111111
100000000000000000000000000000000000000000001
101110101111111111101110111011101111101110111
100010101000000000001000100000100000101000001
101111111010101110111010101010101111111010101
100010000010101000100010101010100000001010101
101110101010101111101110101111111111111011111
100010101010100010001000100010000000000000001
101011111011111111111010111110101111101110111
101000100000000000001010100000100010001000001
101110101010111111101110101110111110101110111
101000101010000000101000101000001000100010001
101011101110111111101011101010101010111011101
101000100010001000001000101010101010100000101
101110101010101111101110111110111111111010111
101000101010101000001000100000001000000010001
111011111110111110101111111110111010101110101
100000100000100000100000100000100010101000101
101110101110101010111110111011111011111010101
101000101000101010100000001010000000001010101
101011101010111010111110111010101111101110101
101000101010001010000010001010100010000010101
111011111011111010111010111110101011101111111
100010000000100010001010000010101010000000001
101110111011101111111011111111111011111011101
100010100010000000100000000000001010000000101
111111101011111110111110101110101111111011101
100000001000001000000010101000100000001000101
101110111110101010111011111010111110101010111
101000000010101010001000001010000010101010001
111010111110101110111011111011101110111010111
100010000010100010001010000000100010001010001
101011101010111110111011101110111110101111101
101000101010100000001000101000000010100000101
101011101010111011111110101110101011111110111
101010001010001000100000101000101010000000001
101010101011111010111010111011101010101010101
101010101000100010001010100010001010101010101
101010111111111011111011101111111011101110101
101010000000001000001010001000000000100010101
101110101011101110101110111010111110111010111
100010101010001000101000001010000010100010001
101111111011111110111010101110101011111011101
101000000000001000100010101000101010000010001
111111111111111111111111111111111111111111111
