111111111111111111111111111111111111111
100000100010000010100010000000101000101
111010101010101010101011101110101010101
101010101000101000101000001000001010101
101010111111101111111011111111111011101
100010100010101000101010101000101000001
111110101010101010101010101011101111101
100000101000001010101000101000001000001
111010101011111110101010101010101110111
100010101000000000101010000010101000001
101111111111101111101011111111101111101
100000100010000000101000100000101000101
111110101011111011101010101011101011101
100000101010001000100010001000101000001
101111111010101011101010111011101011111
101000100010101010101010001000101000101
101110111010111010111111111110111011101
100000100010000000000000000000001000001
111011101110111011101111111111111110111
100000100000001000101000000000001000001
101111111111111110101011101011101011101
100000000000000000100000101000101010001
101011111111111111111110111111111111101
101000100000101010101000001000100010001
111110101010101010101011111010101011101
100000101010000000100010100010101010001
111011101011101111101010101010101010111
100000101000100000001000001010001000001
111111111111111111111111111011111111111
100000100000100010000000001000100000001
101110101010101011111111101110111111101
101000001010001010000010001000101010001
101011111110101111111010101010101011101
101010001000100000100010100010000010001
101011101011111110101010111110111010111
101000001010101010001000001000100000001
101110111010101010111111101110101110111
101000001000000010000010001000100010001
111111111111111111111111111111111111111
