111111111111111111111111111111111111111
101000000000100010000000000010000010001
101011101110111011111011101111101110101
100010001000000000000010000000000010101
111010101110101010111110101110101110111
100010101010101010100000101000100010001
111010111011111111101010111111101110101
101010100000100000101010100000000010101
101111101011101110111011111110101110111
101000101000000010001010001010101010001
101011111110101110111110111011101010111
100010001010101010000000100010100000101
111010111011111010111110111010101111101
100000000010000010100000001000000000001
111111101111111011101111101110111111111
100000000000100000000010000000100010001
111111101111111011101111101110101110111
100000101000001010100010101000000000001
111110101111101110101010101110101111101
100000000000000000001010000010100000101
111110111010111111101111101111101110111
100000101010100010001000000000100010001
111011101110101010111110101011101011111
100010100000101000101000101000101010001
111010111111101010101110101110111010111
100000100000001010100000100010100000001
101011111110111011111110101110111011101
101010000000100000001000101010001010101
111110111011111110111110101010111110111
100010100000001000000010101000101000001
111011101111111111101111111010101011111
100000001010000000000000100010000010101
111010111010111010101110101011101010101
100010000010101010100010101010101000001
111110111111101011101110111010111011111
100000100000000010000010001010000000101
101010111110101010101010111111111011101
101010001000101010101010000000100000001
111111111111111111111111111111111111111
