111111111111111111111111111111111111111
101000001010100010001000000010101010001
101011101010101010111010111110101010111
100010001010001010000010101000100010001
101111101011111010111011101110111011101
101010100000101000101000000010101000001
101010101110101010101010111110101110111
101000101010000010101010100000000010001
111110111010101111101110101011101110101
100000000000100010000000001010001000101
111010111011111111111111101111101011111
100010001000000000100000001000000000001
111111111110101111101111111010111110101
100000101000100010001000100010100010101
111011101010101111111011101111101110101
100000000010101000001010101000101010101
101110111110111011111010111010101010111
101000101000001010000010101010001000101
111111101010111011111010101111101010101
101010001010100000101000001000100010001
101011101110111110101111101010111110111
100000001000100010000010001010000000001
101011111010101111111011101111111011101
101010000010000000100000000010000010001
111011101111111111101111101010111111101
100000100010000000101010001000101010101
101111111011111110111011101111101010101
101010000010000010001000000000101000001
101011101011111010111111101011101111111
101010001000100000101000001010000000001
101010111110101011101011101011111110101
100000001010101000000000101010000010101
111010111011101010101110111111111010111
101010001000001010101010100000101000001
101010111111111011111011101110101110101
101010000010000000100010100010000000101
101010111010101010111010101011111111101
100010100010101010000000001000100000001
111111111111111111111111111111111111111
