111111111111111111111111111111111111111
100000000010000010001000100000000000001
101111111010111010101110101111111111111
100010001010100010101000101010001000001
111010101110101110101011101010101011101
100010100000100010100000100010101000101
101110111111111011101011111010101110101
100000100000000000001010001010100010101
101011111110111110111110101010101110111
101010001000100010000000100010101000001
101010101011101111111111101110111010101
101000101010000000100010100000100010101
111111101010111010101010111110101110101
100000001000100010001000100010101000101
101111111111111111111111101010101110101
100010100000001000000000101010100010101
111010101111101011111110101010111011101
101000101000100000001000101000001010001
101110101010111111111011101111101010111
100010100010000010000010001000100010001
101110101011111010111111101011111111101
100000101010100010100000001000000000001
101111111010101110101111111111101111111
101000000010100010101010000000100000001
101011111110111010101010111110111111101
101000100000100010100010001000100000101
101110101011101110111011101011111110101
100010101000101000100010001010000000101
111010111110101010111110111010111111101
100010000010101010000010100010100010001
101111111010101011111010111110101010111
100000001000101000001000001000101010101
111111101111101111101111101010111010101
101000100000100010000000100010000010101
101010111110111010111111111111111110101
101010100000101010001000100000100010001
101010101111101011111010101111101011101
100010000000001000000010000000001000001
111111111111111111111111111111111111111
