111111111111111111111111111111111111111
100010000010000010000010000000001000001
101010111010111011101110111111101111101
101000101000101000001000100010001000001
101111101010101011111011101010111011111
101000001010100010001000001010001000001
101110111010111110101111111011101111101
100010000010100000100010000010000010001
101011111111101111111010101111111010111
101010000000101000000010101000101000001
101010111110101011111110101010101011101
101000100010001010100000101010001000101
101111101111111010101111101011111110111
101000001000100010000010101000001010001
101011101010101111111010101111101010101
101010001010100000000010100000101000101
101010111011101111101110111110101111101
100010100010001000100010000000001000001
111110101110111010111010111111111011111
100000100000001010100010100000001000101
101111111111111010111110101110111110101
101000100000001010001010101010000000101
101010111110101011101010101011111111101
100010001000100010101000100000000010001
111111101011111110101111111111111010111
100000001000000000100000100000000010001
101111101111111011111110101111111111101
100010001000001010100010000000001000001
111011111011111010101011111111101011111
100010000010000010001000100010001000001
101110111010111110111110111010111111101
100000100010000010100000000010100000101
111111101111111010111111111110101011101
100000001000100010000010001010101000101
101111111011101111111010101010111110101
101000001000001000100010101010000000101
101111101110111010101110101011101111101
100000000010000010000000100000100000001
111111111111111111111111111111111111111
