111111111111111111111111111111111111111
101000000010100010100010100000001000101
101110101010101110111010101110111011101
100000101000001010101010000010100000001
101111111110111010101010111111111110111
101000101000001000001000000010000010001
101110101110111110111110111110111010111
101010001000001010001010000010100000001
111011101110101010111010111111111110111
100000000000101010101010001010100010001
111111111010111010101010101010101110111
100000000010101000101010101010100000001
101111101110101110101010111010111011101
101000001010001010101000000000100000101
101111101011101010101111101011111010101
101010001000101010001000101010000010101
111011111110101010111011111010111110101
101000101000001000100000100000000010101
101011101111101110101111101011111111111
100000100010000000001010101000001010101
111110111011111010101010111110111010101
100000000000000010100000001000000000001
101011101011101111111011101110101110111
101000101010101000000000101000101010001
101011111110111111111010111110111011111
101000100000000010101010000010000010101
101111111111111010101110111110111110101
101010001010101000001010100010100000001
111011101010101110101010101110101011111
101010100010001000100000000000101010101
101010111010111111111010101010111010101
101000001000101010000010101010000000001
101110111110101011111011111010101011111
101000001010001010100010100010101000101
101111101011101010101010101011101111101
101010001000000000001010001000100000101
101010101111101010111010101011111011101
100000100000001010001010101000001000001
111111111111111111111111111111111111111
