111111111111111111111111111111111111111
100010000000000010001010000010000010001
111010111011111111101010101110111111101
100000001000000010001000101000000000001
101010111110111110101010111010101110101
101010101000001000100010000010100010101
111011101011111110111110101111111110111
101010100000001000100010100000001000101
101110101110111111111010111110111010101
100000101000001000001000101000100010001
111011101110101111101010101111111011111
101000000010100000000010001000101000001
101011111111101111111010111011101011111
101000001000000010001010100010000000001
101011111111111111101110101011111111111
100010000000000000000000001010000000001
101110101111111110101111111011111110111
100010101010100000100000001000100000101
101111101010101111111110101011111110101
100010000010000000100000101000101000001
101110111011111111101111101110101011111
100010001010100010000010100010100000001
111110111010111011101010101111101111101
100000001010000010001010000010000000101
111011101010111010111110111110101111101
100010101000001010001000100000100010101
111110111110111110101111101110111110101
100010000000001000100010000010000010101
111011101111111111101110111010111010101
100010000000000000100000100010100000101
111011101111101111111011101110101011111
100000100000100000100010100010101010001
111110111011101111101110111111111011101
100000000010000010000000000000100000001
101111111111111110111010111110101110101
100000000000001010100010100000101000101
101010101110111011101111111010111110101
101010101000000010001000000010001000101
111111111111111111111111111111111111111
