111111111111111111111111111111111111111
100000101000000000000000101000001000001
101110101011111111111110101011101011101
101000001000101000100010001000101010001
101111111010101010101011111110101011101
101000001010001010001010000000101000101
101011101011111011111010111110111010111
100000101000000010000000001000100010001
111111101111111110111111101011101111101
100000000010001000000010101010001000001
101111111010101011111010101010111011111
101000001010100010001010001010001010001
101011111011111010101011111011101010101
101000100000001000101010001000101000101
101110101111101111101011101110101111101
100010001000001000101010001000100010001
111011111010111011101010101111111010111
100010000010000000101000100010000010101
101111111111111110101111111010111110101
100000100000001010100010100010100010001
111110111111101010111010101110101011101
100000100000001000001000101000101000101
101111101111101111101111101011101111101
101000101000100000101000001000101000101
101010111010101110101011111110101010101
101010100010100010101010001000100010001
101010101110111110101010101011111111111
100010001000100000100010101000001000001
111111101110101111111110101111101010101
100010001000100010000010100000001010101
101110111011111010111010111011111010101
100000100000001010100010001010001010101
101110101111101010101111101110101010101
100010101000001010100010000000100010101
111010101111111010111011111111111111101
101010100000000010101000000000000000001
101011111111101110101111111111111111101
100000000000100000100000000000000000001
111111111111111111111111111111111111111
