111111111111111111111111111111111111111
100000100000000000100010101010000000101
101110101011101111111010101011101111101
101000101010001010001000100000100000001
111010111111101010111110111011101111111
101010001010100000000010000010001010001
101110111010101110101110111010111010111
101010001000000010101010001010000000001
101010111111101111111011111010111110101
100000000010000000001000101000000010101
111110111011101110101011101011111011111
100000001000101010101000100010101000101
111111111110101011111011101010101111101
100000100000000010001000101000000000001
111010111011101110111110111011111110101
101010100010000000000010000000001010101
101011111110111110111110111111101011111
100000000000100010101000000000100010001
101111101110111011101011101111111010111
101000101000000000000000100000101000101
101010111110111111111011111111101110101
101010101000000000001000000000000010001
111011101110101011101011101111101111101
101000001000101000101010100000100010101
101111101110111010111010111011111010101
101010000000001010100000001000101000101
101010111010111111111010111010101111101
100000100010001000101010001010000000101
101011101111101011101111111011101111101
101000101000000000000000100000100000101
111010111111101110111110111111111111111
100010001000000010101010100000001000101
101011101010111011101011111011111011101
101000101010001000000010001000000000001
111011111110101110101110111011111010101
100000100000101010101000000000101010101
101011111010111011111110101010101111111
101010000010000000000000101010000000001
111111111111111111111111111111111111111
