111111111111111111111111111111111111111
100000100000001000000000100000100000001
101110101111111010111110101110101111101
101000101000000010101000101010000000101
101010101011111110101011101011111111101
101010100010000010001000100010001000001
111010111110111011111010111010101011111
100010100000100010001010100010101000001
101110101111101110101110101111101111101
101000100000100000100010101000001010001
101111101110111111111010101010111010111
100000101000000000100010100010001010001
101110111011111110101110111110101010111
101010100010000000100000100010100010001
101010101110111111111111101011111111101
101010000010100000001010001000100000001
101011111110101111101010111110101111111
101000001000101000001010100000000010001
101011101011101111111010101010111110101
101010001000100010000000101010100000101
101110111110101010111111101110111110101
101000001000001000101000100010000010101
101011101011111110101010111011101011101
101000101010100010101010000010101000001
101111101010101010101011111110101111101
100000001010101010101000100000100000101
111110111010111010101110111110111110111
100010101000100010000010000010000000001
101010101111101111111011111011111111101
101000101000001000100010100000101000101
101111101011111010111010101110101010101
100010001000100010001010001000001010101
101110111110101011101011111111111011101
100000100000001000100000100010001000001
111111101111111111111110101010101011111
101000100010000010000010101000100010001
101010111011111010111110101111111010101
100010000000000010000000100000001000101
111111111111111111111111111111111111111
