111111111111111111111111111111111111111
101000001010100000100000101000001000001
101011101010111010111110101110111110101
101000100000101010001010001010000010101
101111111010101111101010111011101010111
100010001010100000100000101000001010101
101111101010111011111110101110111110101
100000001010000000100000000000001010001
111010101110111010111111111011101010101
101010101000101010000010000010100000101
101110101011101111101011111010101011101
100010101000001010001010100010101010101
101111101111101011111010111010111010101
100000100000100000100010000000001010101
101011111110101110101010101111111010111
101010000000100010101010100000100000001
101110111011111111101011101011101110111
100010100010000000001000101010000010001
101111111010111110111011111110111010101
100000100010100010100000101000100010101
111010101111101111101111101110111110111
100010000000100000100000100000001000001
111010101010101011101010111110111111101
100010101010001010001010100000000010001
111010111011111010111010111011111011111
101010001010000000100010000000100000001
101011111110101111111111101110101110111
100010001000100000101010001000100010001
111010111111111110101011111011111010101
100010001000100000101000101010001010101
101010111010101111101010101110111110111
101000101010001010000010101010000010001
111010101111101011101010101010101011101
100010001000000000101010000000101000101
111110111011111011101110101111111010101
100000001010100010101000101000001010001
101111111010111010101010101010101011101
100010000000001000101010100010101000101
111111111111111111111111111111111111111
