111111111111111111111111111111111111111
101010000000100010100010001000000000001
101011111110111010111010101011111111101
101000101000100010100010100010000000101
101110101110111010111011101110101110101
101010000000100000000010001010101010101
101010111010111110101111101011101011111
101010101010001010101010001010001000101
101011101110101011101011101011101011101
100000001000100010000010000010000000001
111111101111111011111011101111101111101
100010000000000010000010001000101000101
101111101110111011111010101011101011111
101000101010100010101010100000000000101
101110111011111010101011111011101111101
100010100000000000000010100010101000101
101110111111111111111010101110111110101
101000001000001000000000100010000000101
101111101111101111111110101111101111101
100010000000100000001000000000100000101
101111101111111111101110101011101111101
100000001010000010100000101010100000101
111010111011101110111010111110101111101
100010000000000000000010001000000010101
111111111011111111111110111011101110101
101000000010100010100010100010001010101
101111101110111010111010111111101010101
100000101010101010001000100000001000001
111010111010101011101010111110111010111
100010101000101010001010000000000010001
111110101110101011101110101010111011111
100000101010000010000000101010100000101
111010101010101011111010111011111110101
100010100000101000000010100000000010101
111110111011111010101110111010111110101
101000000010000010101000001010001000101
101011101110101111101111101110101110101
100000101000100010001000001000100010001
111111111111111111111111111111111111111
