111111111111111111111111111111111111111
100000001000000010001000001010000000001
111011111110111010101110101010111010111
101000000010001000101000100010100010001
101111111011111110101011111111101111101
101010001000100000101000100010001010001
101011101110111111101110111010111011111
100010100000001000001000100010100000101
101010101111111111101110111010101111101
101010000000001010000010001000001010001
101111111110101010111010111110111010111
100000101000100000001010000010001000001
101011101111101111111110101011101011111
101000100000000000101010101000001000001
101111101110111111101010111110111011101
100000001010001010000000101000000010001
101111101011111010111111101111101011101
100010101010101000000010001000001010001
111010101010101110101010111110101111101
101010100000001000101010000000101000001
101110101010101110111110111110101111111
101000001010101000001000101010100000001
101111111011111011111011101010111111111
100010000010100000100010001010000010001
101011101110101111101111101011101111101
101010001010000010101000001010000010001
101010111011101110111110111011111010101
101010000000000000000010101000000010101
111011101111101111101010101010111111101
101000001000000010001010100010000000001
101111101011101111111010101110111011101
100000001000100010000000100010001000101
101010111011101110101111111111101110101
101010101010101000101000001000001000101
111110101010111010111011101110111110101
100000001000001010100000100010100010101
111010111110111010111111111010101111111
100010001000100010001000000000000000001
111111111111111111111111111111111111111
