111111111111111111111111111111111111111
100010000000100000100010001000000000001
111010111111101110101011101111111111101
100010100000000010001010001000000010001
101010101111111110111010101011111010111
101000100000100000101000100010001000101
101110111111101110101111101110101111101
101010000010001000101000100010100000101
101010111010101111101010111010111110101
101010001000101000001010100010100000101
101011111111101011111011101111101111101
100010000000101000001000000000100010001
111010111110101010111011111110101010101
100010000010001010101000001010001000101
111111101011111011101111101011101111101
100000101000001010001010001000001010001
101110111011101010111010111111111010111
101000001000101010100000100010001000101
101111101111101010101111101010101111101
100010001000001000100010001000100010001
111010111011111110111010111111111010101
100010101010001000001000100000001000101
101010101011101011111111101011101111101
101010001000100010001000001000101000001
101010111110111011101011111110101111111
101010100000001000100010000010100010001
101010101111101110111110111010111010101
101010100010101000100000001010001000101
101010111010101011101111111011101111101
101010001000101010001010000000001000001
101111101111101011101010111111111011111
100000100000100010001010100010000010001
101110111110101010111010101010111010111
101000000010001010101010101000101010001
101011111011111110101010101011101011101
101000100000100010000010101000101010001
101110111111101011111110101111101010101
100010000000001000000000100000001000101
111111111111111111111111111111111111111
