111111111111111111111111111111111111111
100000000010000010000000100000000000001
101110111010111010101110111111111111101
101010100000101010101010001000100000001
101010111111101011101011101010101111101
100010000000100000101000100010101000101
111011111110111110101010111110101010101
100010001010000010101010001010101010101
101110101011111010101010101010101010101
101000100010000010101010101010001010001
101011111110111110101110101011111011111
100010000010100010001000101000100010001
101110111010101111111011101010101110101
101000101010100000000010100010101000101
111011101010111110111010111110101011101
100010000000100010001010100000101000101
101111111111101010111010101111101110101
100000000000001010100010001000100000101
101111111111111010101110111010111111101
101000100000000010101000100010000000101
101010101111111110101011101111111110101
101010101000000010101000101000100010001
101010101111101011101110101110101011111
100010101000001000001000100010001000001
111111101011111011111111111010111110111
100000001000100010000000001010000010001
101111111110111110111110101011111011101
100000000010001000101000101000001010001
111110111011101011101011101111101110101
100010100010001000001010100010001000101
101011101110111111101010111010111011101
101000001000000000101010001010100010101
101111111011111110101011101010101110101
101000001000100010001000100010101000101
101110111110101011111110111110101011101
101010100010101000000000100000101010001
101010101010101111111111101111101010111
100010001000100000000000000000001000001
111111111111111111111111111111111111111
