111111111111111111111111111111111111111
100010000000100000000010001000000000101
101011111010101111101010111010111110101
101000000010101000101010001010100000001
101111111110101010101010101010111111101
100010001000101010001010100010001000101
101011101011111011111011111111101010111
101000100000000010001010000000100010001
111110111111111110101010111110111111101
100000100000101000101000100000001000001
101111101110101011101111101111101011101
100010001000100010000010001000100010001
111010111011111110111110111110111110111
100010101000000010000000000010001010101
101110101111111010111111111111101010101
101000100010000010100000100000001010101
101011111010111110101110101111111010101
100010001010100010001000101000001010101
101110101010101011101111101010101010101
100000100010001000101000101010101010001
111111111110111110111010101010101011101
100000000010001000100010001010101000001
101111111011111010101111111110101111101
100000100000100010101000001000100000101
111110111110101110101110101011111110101
100000100010001000100010100010100000101
101110101011111011111010111110101111101
100010101000001010001000100000101000001
101011101111101010101111101110101111111
101000001000101000100000100010100010001
101111111110101111111111111010111010101
100010000010100000100010001010001000101
111010111010111110101010101010101111101
101000100010000010101010100010100000101
101111101111101010101010111110111111101
100000101000101010101010100010100010001
101011101010101010101010101010101010111
101000000010001010001000001010001000001
111111111111111111111111111111111111111
