111111111111111111111111111111111111111
101010001010001000100000000000000000001
101010101010101011111011111111111111111
100000101010100000100010000000101010101
111110111011101111101111101011101010101
100010000000000010100000001000000000001
101010111010101010111111111110111111111
101000001010101000101000101010101000101
111011111011111110101010101010101010101
100000001010100000100010000000001010001
101111111110101010111111111110111110111
100000000010001010101000001000001010001
111111111111111011101010101011111010111
100010100010000000100010100000001000001
101010101110111011101111111011101011111
101000000000001000100000001000101000101
101011111010101010101111101011111110101
101000100010101010101000101000000000001
101111101111101111101110101011111110101
101000000010000010100000101000001000101
101110111111101110111011111111111011111
101000000010100010101000101010001000001
111110111110101010101010101010111111101
100000000010001000100010000000001000001
111111111011111011111111111111111110111
100000000010000000100010000000101000101
101111111111111111101110101110101010101
100010000000001000000000100010100010001
101111111110101011111111101111101111111
100010100000101000100000000000100000001
111010111010101011111110111011111010101
100000000010101000101010101000100010101
111010111010101011101010101011111110111
100010100010100000100010100010100000001
101111111111111111101110101010111110111
101010101010101010100000101000001010001
101010101010101010111110111011101010101
100000000000000000100000100000100000101
111111111111111111111111111111111111111
