111111111111111111111111111111111111111
100010100000000000001010001000001000101
101110111011101110111011101010101010101
100000000010100010001010101010101010101
111010101110101010111010101011111110101
100010100000101010001010001010000000101
101110111010101111111010111011101110101
100010100010100000000000001000001000001
101110111111111111101111111111111011111
100010001010101000101010001000001000001
101110101010101011101010101110101011111
100010100010101000100010101000101000101
111010111110101010101011101011111010101
100010001010100010001010001000001010101
101110101010101111111111101110111110101
100010100000100000101010001000100000001
101111111110101111101011101010101011111
100010100010100000000010000010001000001
111010111010101011101110111011111011111
100010000000101000100000001000001000001
111011101111111111111111111111111111111
100010001000001010001010000010001000001
101010111111101010101011101011101011111
101010101000001010101010001010001010001
111010101011101010101011101110111010111
100010001010000010100000000010100000101
101111101111111010111111111110101010101
100010100010000010000010000010001010001
111010101011101010111010111011111111101
100010001000001010100000101010101010001
101110111111111110111010101010101010111
100010100000000000100010001000000000001
111010101110101111101111111110111110111
100010000010100010000000000010000010001
111111111111111111111011111111111111111
101010001000100010000010000010000010001
101010101011101010101010101010101110101
100000100000001000101000101000100000101
111111111111111111111111111111111111111
