111111111111111111111111111111111111111
101010100000101010101010001000000000101
101010111011101010101011101111111011101
101010100000101000101010100010001010101
101010111011101110101010101111101010101
100000101000000010000010000010101010101
111010101111101111111011101010101010101
101010001010100000000010001010100000001
101110101010111111111010111110101110111
100010100010001000100000001000100010001
101111101010111110111110111110101111111
101000001000001000000000101000000010001
101111111111101110111010101110111110111
100010000010101000100010101000101010001
101111101110101111111011101110101010111
101000001010001000100000001000101000101
101111101010111011111011111110101110101
100000100000001000000010000000001000001
101111101110111110111010101110101010111
100010101000100000101010101010100010101
111010111011111110101010111011111111101
100000000010000010100000000000100000001
111111101111101111111110111111101111111
101000101000001010000000001000000010001
101011101011111011111110101011101011101
100000000000100000101000100000101000001
101011111011111011101010111111111111111
101000100000000000100010101010001010101
111111111110111110111011101010111010101
100000100000001000101010001000001000101
111010111010111110101010101011111011101
100010001010101000001000101010100000001
111111101111101111101011111010111011101
101000100010000010000000000000000010101
101110101111101110101011111010101110111
100000000000001000101000001010100000001
101111101111101011111011101111101110101
100010001000000000100010000000100010101
111111111111111111111111111111111111111
