111111111111111111111111111111111111111
101010100000001010101010000000000000001
101010111011101010101010111110111111111
101000100010001000100010100000101010101
101110111010101110111010101111101010101
100000000010100000000000100000100000101
111110111111111111111011101011101111101
101000100010000010000010101000000000001
101011111010111011101010111011111111111
100000100010100010001000101010000010101
101111111010111011101011101010111110101
101010100010100010001000100010001010001
101010101111101111101111101010101011101
100000101010001010000010101000100010001
101111101011101010101010101111101110111
100000100010000010101000101010000000001
101010101110111010111110101010101010111
101010100000001000100000101000101010001
101111111111111111111110101111111111111
100000100010000000100010100000000000001
111110101010111011101010101110101011101
100000101010101000101000100010101010001
111011101010101110111010111111111111101
100010101010100000100010100010001000101
111010101011111011111110101010101110101
100000101010100010000000101010101000101
101010101010101010111110101011101011101
101010101000001000100000101000001000001
111011111111101111111111101111101110101
101000100000000000000000101000000000101
101011111111111110111111101110111111101
100000100000000000000000101000000000101
111111111111111111111111111111111111101
100000101000001010100010101000000000001
101110101011101010101010101010111010111
100010100010000000001000100010001010001
101110101011101110101110111011101011101
100010001010001000100010000010001010001
111111111111111111111111111111111111111
