111111111111111111111111111111111111111
100000100000000010000000000010000000001
101110101111111010111011111010111111101
101010001000100010100010001000100010001
101011111010101110101110101111101010111
101000001010101000100010100000001010001
101011101110101011111011101011111011101
101010101000100010001000101010000010001
101010101010111110111110101011111110111
100010100010100000000010101000100000101
111110111110111110111010111110101111101
100000000010100010100010000010001000001
101111111010101011101111111010111011101
100000001010001000001000100010001010101
101111101110111111111010101111101010101
100010001000100000000010001000100010101
111110111011101111111110111010111110101
100000100010101000000000100010100000001
101011101110101111101111101110101111111
101010001000100000100010000010100000001
101110111010111110101110111110111111101
100000101010001000101000100010001000001
101111101011101011111011101010101111111
100000101000101000100010001010100000001
111110101011101110101110111011111111101
101000101010000010000010101000000010001
101011101010111011111110101111111010111
101010001010001000001000100000000010001
101010111011101111101011101111101111101
101010000010001000101000101000101000001
101011101110111110101110101110101011101
101000100010100000101010100010100010001
101110111110101011101010111010111111101
100010000000101010000010100010000000101
101011111111111010111110111111111110111
101010000010000010100000100000100010001
101110101110101110101111101110101011101
100000100000100000100000000010001000001
111111111111111111111111111111111111111
