111111111111111111111111111111111111111
100000000000000000000000000000000000001
101110111110111011111111101110101110101
101000000010100000000010001000100010101
101010111111101011101110101111101011101
101010000010001010000010100000101000101
101011111010101111111110111011101111101
101010000010100000100000100000100000101
101111101111111110111011111110101110111
100010001000000000100000000010100010001
111011111011111111101110111010111110101
100000001000100000001000001010000010101
101011111011101111101110101010101010101
101010000000100010000010101010101010101
101111111110111111101011101111101111101
100000100000001000001000100010001000001
101110111011101010101111111110101010101
101000100000101010101000000000101010101
101110101110111111111110111010101110101
101000101000000000000010100010100010101
101011101011111011111110111010111111101
101010001010000000000010001010000000101
111011111110111010101011101010101111101
100000001000001010101010001010100000101
111110111010111010111111111110111110101
100000100010100010100000000000000010101
111110101011101111101111101010101111101
100000101010000000100010001010100000101
101011101010101111101011101110111010111
101000101010100000101000101000100010001
101111101110111011101110111011101110111
101000000010100010000010001000101000001
101110111011101010111011111110111011101
101000001010001010100000001000001010001
101110101011101111111111111111111010101
101000101010000000000010000000000010101
101111101010101110111110101011111110101
100010001010101000001000101000100000101
111111111111111111111111111111111111111
