111111111111111111111111111111111111111
100000101000101000100000100000000000101
111010101010101110101110101011111010101
100010000010000010000010001010001010001
111010111010101010111011101010101010111
100010100010101000100010001010100010001
111111111111111111111111111111111111101
101000100000100000100000000000000000001
101110111011101010111111111111111011111
101000100000101010100000001010000000001
101110111011101111111011111010111111101
101000101000000000101000101000001000101
101011101010111011101010101110111011101
101000100010100010100010001000001000001
101110111110101010101111101011111110111
101000100000101000001010000000001000001
101110101111101111101010111010111111101
101000000000100010101000001010001010001
101110111110101110111111111111101010101
101000101000101010100000001010001000101
101110101010101010101110111011101111101
101000100010100000101010001000001000001
101110111110111011101010101011111011111
101000101000100000101000100000001000001
101110101010101010101011101110111011111
101010100010101010101010001000001000001
101010101111101110111111101111111010101
101000100000101000100000000000001010101
101110111111111111111111111111111110111
101000101000001000001000001010101010001
101011101010101110101111101010101010101
100000100010101000100000001000000000101
101010101110111110101011101110111010101
101010101000001000101010001000100010101
101011101110111111101011111111111010101
101000101000001000001000001000000010101
101110101011111010101011111110111010101
101000101000000010101000000000100010101
111111111111111111111111111111111111111
