111111111111111111111111111111111111111
100000000000000000000000000000000000001
101010111110101110111011101010111011111
101010100000101000001010001010100000001
101110101011101111111010101010101110111
100010101010000000001010101010101000001
101010101111101111101111101111101010101
101010101000001000000000100000101010101
101110101011101010111010101011101010111
100010101010001010001010101000101010001
111011101010101110111010101111111011101
100010001010101000001010100000001000101
101011101011101110111011101011111010111
101000101000101000100010001010000010001
101010111011101110101011101110111010101
101010001000101000101000101000100010101
111110101111111011111010101011101110101
100000101000000000001010101010000010101
101010111110101011111111101111101010101
101010100000101000100000000000101010101
101010101010101111111110111111101110101
101010101010100000000010100000000010101
101111101010111110101011101011111111101
101000001010001000101010001010000000001
101010111110111111111110111110101110101
101010001000000000000010001000101000101
101011101111101010101011101111111011101
101000101000001010101010000000100000101
101110111010111010111110101011111010111
101000001010100010000010101000001010001
101010101010101010111011111110111110101
101010101010101010001010000000000010101
101011111011111111101111101111101111101
101000001010000000001000001000001000001
101110101011111010111010111011101011111
101000101010000010001010001000101000001
101011101010111110111011111010101110101
101000101010100000001010000010101000101
111111111111111111111111111111111111111
