111111111111111111111111111111111111111
100000000000000000000000000000000000001
101010111111101111111011111011101110101
101010001000001000000000001010000010101
111011101110101010111111101010111110111
100000100010101010000000101010100000001
101011111111111011111111101111111011111
101010000000000000100000000010000000001
101010111111111010101011101110101011111
101010001000000010101010001000101000001
101110111111101111111111111011111010101
101000001000000000000010000000001010101
101111101111101111101010101011101010111
101000000010000010001010101010001010001
101110101010111011101010111111111111101
101000101010001000101010000000000000101
101010101011101111101110101110111111101
101010101000101000000010101000000000101
101010101111101011111010101111101110101
101010101000001000100010101000001000101
111010101110111011101011101010101110101
100010100010100010001000101010101000101
101011101111101111111010111110111010111
101010000010001000000010100000100010001
101011111011101111111011101010111111101
101000100010000010000010001010000010001
101111101110101011111110101110101010111
101000000010101000000010101000101010001
101011101010111010111111101111101010101
101000101010100010001000000000101010101
111110101010111010101010111110101010111
100000101010100010101010000010101010001
101011101011101111111111111011111111101
101010001000100000001000000000000010001
101111101110101010111010111111111011101
101000001000101010100010000000001010001
101011101011111110111110111011101110101
101000101000000010100000100010001000101
111111111111111111111111111111111111111
