111111111111111111111111111111111111111
100000001000000000100000100000100010001
101111111011111110101110101110101110101
101000001000100010100010101000100000101
101011101110101010111011101011111011101
100010000000101000101000001000001000101
111110111111101111101110111111101111101
100000100000001010000010100000101000101
101110111011111010111010101110101010101
100010100010000010001000100010100010101
111010101110111111101111111110111110101
100010101000100010001000000000100010001
101110101110101010111110111110111010111
100010100000001010100010101000100010001
111010111110111110101010101011101011101
100010001000100010001010101000101000101
111111101011101011111010101110101110101
100000101010001000100010001010100010001
101110101010111011101011101010111011111
100010101000100010001000101010001000101
111011101011101110111110101011101110101
101000001000101000100010001000100010101
101111111110101011101111111110111010101
100010001000100010100010000010000010001
101110101010111010101010111011111111101
100000101010100010101000001000000010101
111110101010101110101111111111111010101
100000100010100010001000000010001000101
101111111110111011101011111010111111101
101000000010001010001000100010000010001
101011111011101010111110111011111010111
101000001000001010100010001010001010001
111111101111111010111010101110101010101
100000001000101010001000101000100010101
101111111110101010101111101011111110101
101000000000100010100000101010000000101
101110111011101110101111101010111111101
100000001000100000100000001000100000001
111111111111111111111111111111111111111
