111111111111111111111111111111111111111
100000100010000000100000000010000010001
101110101010111110111011101110101010101
100010101000101000101000100000101000101
111010101111101010101111111110101111101
100010001000001010101000000010101000001
101111111010111011101011111011101011111
101000001010001000001000001000001000001
101011101110101111111110101110111111111
100010100010100010000010100010100000001
111110111010101010101011111011101111101
100010000010101010101000000010001000001
101010111111101011101111111110111011101
101010000000101000101000000010100010101
101011111110101110101011111010101110101
101000100000100010101000001000101000001
101011101111111010101111101111101011111
101000100010000010000010001000001010001
101110111010111110111110111011111011101
100010001010100000100000100010001000001
101111101010111110101111101110111111101
101000001010000010101000101000100000101
101011111010111010101010101010101011101
101010000010001010101010101010101000001
111010111111101010101010101110101111111
100010100000101010101010100010001000001
101110111110101010101110111011101111101
100010100010001010100010001000100010001
101010101011101011111011101110111010111
101010101000101000000000100010100010001
111010101110111111111110101010101111101
100010001010000000100010001010100000001
101111111011111110101011111010111111101
100000000000000010001000001010001000101
101110101111111111111111101111101011101
101000101000100010001000100000001010001
101011111010101010101010111111111010111
101000000010001000100010000000000000001
111111111111111111111111111111111111111
