111111111111111111111111111111111111111
100010000010100000100000100000000000101
101010101010101010101011101111111011101
101010101000001010101000000010101000101
101111111011111111111011101010101110101
100010100000100000100000101010001000001
101010101010101110101110111011101110101
101010101010100010100010100010000000101
111010111110111011111111111011101111111
101010001010100000100010100010000000001
101010101010101111101010111010101011101
100010100000000000101000000010101000101
101111111111111110111011111111111111111
100010001000000000101000000010100000101
101011101011111010101110111110101011101
101010000010100010001000000010001000001
111010111010111010101011101011111111101
100010001000100010101010001010100000101
101110111111111111101010101010101010101
100010000000100010101010101010001010001
101010111111101010101111101110111111101
101010001000101010100000000000000000101
101110111011101010101110111110111110101
100010000000101010101000100010000010101
101111101110101010101011111010111010101
100010001000001000101000000010100010101
111010111111111111111111111111111111111
100000100010001010100000100000000000001
101110101111101010101111101111111011111
100010000000001010101010100000100000001
111010111011101010101010101111111110111
101010100010001010100000100000100000001
101011111110111010101111101010111011101
100010101000000010001000101010100000101
111010101011101010101011111110101111101
100010000000101010101000100000100000101
111010111111111010101110111011101011101
100010000000001000100000000000101000101
111111111111111111111111111111111111111
