111111111111111111111111111111111111111
100000100000100000001000101000001000001
111011111110101111111110101011101011101
100010001000100000100010000000100000101
101010111110101011101111111011111011101
101000000010101010100000100010000000101
101111111010101110111011101111111011101
100000001000000010000000001000000000101
101011111010101111111011111111111111111
101010101010100000100000000000000010101
101010101010111011111110111011101110101
101010100010101010100000100010100010001
101110111110101010111111101110111110101
101000101010001000100000100000000000101
101110101011101011101011101111111011101
100000100000101010001010100010000000101
111111111010101011101010111111101011101
101000000010101010001000000000101000101
101010101011111010101110111110111110101
100010101010000010101010001010000010101
111110111111101110111011111011101110101
101000100000001010000000001000101000101
101110101110101010111111111011101110111
100010001010101010000000100010101000001
111010111011111011111011101110111110101
100000000000100000000010100000100000101
101111101011111011101010111010101010101
101000101000001000101010100010001010101
101110111111101010111010101110101111111
100000100000001010001010001000100010101
111111111011101111101110111111111010101
100010100000100010000000101000001000101
111010111110111010101011101011111011101
101010001000100010101000000000101010001
101010111011101010101110101011101010111
100000001000101000101010101000100000001
111010111011111011111010111111101111111
100010000010000000000010000010000000001
111111111111111111111111111111111111111
