111111111111111111111111111111111111111
100010000000000000001010100000100000001
111011111011101111111010111110111010101
100000000010101000101000001010000010101
111011111010111110101111101010101010101
100010100000001010001010101000101010101
111110111011111010111010101110111111111
101000000000001000100010001010000010001
101111101110111110101111101010111111101
101010101010101000001000001000001010001
101010111010101011101111101010111010111
101010000010001010101010001010000000001
101011111010111010111011101110111110101
101010100000000010101010100000101010101
101010111110111110101010101011101010111
100000001000000010100000101010101010101
111110111010101110111011101110101011101
100010000010101000101000100000000000001
111011101111101110101110101111111111101
101010001010000000000010100000000000101
101010101011101110101110101111101111111
100010101010001000101000000000101000001
111011111011111111101011101010111010111
101010000010000010000010101010000010001
101011101111101111101110111110101011111
101010000000101000001000001010101000001
101011111110101111101110101010101111111
101010100000001010001000100010101000101
101010111111101011101011111110111011101
100010101000000000000010000010000010001
111010101110101011101010111111111011101
101000101010101010001000001000001000101
101011101011111011101110111011101111101
100000000000000000100010000010100000001
111011111011101011101011101010111010101
100010000000101010001010101000001010101
101111101111111011101010101010101111111
101000000010000000101010001010100000001
111111111111111111111111111111111111111
