111111111111111111111111111111111111111
100000000000000000000000000000000000001
111111111110111111111111111111111111111
100010000000100010001000001000001010001
111010101111111010101010101010101011101
100010100010000010100010101010101010001
111010111010111011111011111011111010111
100010100000101010000000101000001010001
101111111110101010101110101110111010111
100010000010100010101000001000000010101
101111111010101110101011101110111110101
100000001000100010101000100000101010001
111010111010101111111011111010101010111
100010000010100010000010001010000010001
101111111011101110111111101111101110101
101010001000100010000000101000001000101
101010111110101110101010101011101011101
100010001000100010101010001000100010001
101111101110111011111111101111111111101
100010001000100000000010000000001010001
101011101010101110101010101110111010101
101010000010100010101000100010000010101
101111111111111111111110111111111111111
100010000010100000000000000010000000001
101111101010111111111011111111101011101
100010001010100000101010100010001010001
111011101110111110101010101011111011111
100010000010100010100000001010000000001
111010111110111010101111101010101110111
100010000000100000101000001010100010001
111011111010111010111111101110101011101
100010000010100010101000000000101010001
111010111110111110101010101111111111101
100010001010101010000010100010100010001
111011101010101010101011111010101011101
101010001010100000101000100010001000101
101010111010101110111110111110111010101
100010000010000010100000000010100010001
111111111111111111111111111111111111111
