111111111111111111111111111111111111111
100000000000000000000000000000000000001
101111111010101010111010111111111110111
100000100010101010001010001000000000001
111110101110101110101111111011101011101
100000101000100010100010000010001000101
111110101111111011101011111010101010111
100000101000000010001000001010101010001
111011101010111111101011101111101010101
100000101010000000101000101000001010101
101111101010111111111011101111101110101
100000101010100000000000101000000010101
101011101111111011101010111110111011111
101010000010000010001010100000100000001
101110111010101010111010101010101110101
100010001010101010001010101010100010101
101011101111111110111011101010101110111
101000100010000000001000101010100010001
111010111111101110101010111111111110101
100010100000001000101010000000000010101
111111111011111011111010101011101010101
100000000000001010000010101000101010101
101111111011101010111011111011101110111
100010000010001010001010000000101000001
101110101010111111101111111010111011111
100010101010100000000000001010001000001
111010111011101111101110101010101111101
100010100010001000000010101010100000101
111110101111111111111111101111111110111
100000100000000000000010001000000000001
111110111111101110111110101110111110111
100000000000100010100000100010100000001
101111101011111010111011111010111111101
100000101010000010001000100010000010001
101011111011101011101111111110101110101
101000001010001000100000000010100010101
101111101110111110111011101010101111101
101000000010100000100010001010100010001
111111111111111111111111111111111111111
