111111111111111111111111111111111111111
100000000000000000000000000000000000001
101110111011111010111011111011111111101
100010100000100010001010000000100000001
101010111010101010111010101110101011101
101010001010101010001010100010101010001
111011111110101011111110101011101110111
100000100000101010000000101000100010001
101011101110101010101110111111111011111
101010000010101010101000000000100000001
101011101110111010111110111010111110111
101010001000001010000010100010000010001
101110111110111111101111101011101011101
101000000010000000100000101000101000101
101010101110111010101110111011101110111
101010101000100010101000001000100010001
101110111011111110101110101111111110101
100010100000001000100010100000000010101
101110101110111111111011111011101110111
100010100010000000001010000000100010001
101011101110111110101111111010101111101
101000101000000010100000001010101000001
111010111111101110111011111110111010101
100010001000000010100000001000100010101
101110111111111011111011111011101111101
100010000000100010000000001010000010001
101011111111101110101010111110111110111
101000001000001000101010001000000010001
111111101110101010111010111010101110101
100000001000101010100010100010100010101
101111111111101111111110111110101111101
100000000000100000001000001000100000101
101010111110111110111111101111101110101
101010000010100000000010001000000010101
111111101110101010101011111111101110101
100000001000101010101010000000001000101
101110101110111011101010101010101011101
101000101000100010001010101010101000101
111111111111111111111111111111111111111
