111111111111111111111111111111111111111
100000000000000000000000000000000000001
111110101111111011101011111111111111101
100000100000001000101000000000000010001
101011101110101110111111101110101110101
101010001000100010000010001000101000101
101010101110101111111111101010101011101
101010101000100000100000001010101010001
101110111110111111101011101011101111101
101000001000000010001010001000100000101
101111111110101110101010101111101010111
101000000000101000101010101000001010001
101111101110101010101111101011101010101
101000001000101010100000101010001010101
101111111111101110111110111011111010101
100000000000100010000010001000001010101
101010101111101111111011101111101010101
101010100000100000001010000000101010101
111010111110101110111010111011111011111
100010000010101000001010100000100000001
101011101111111111101110101010101111111
101010000000001000001000101010100000001
101111111011111011111010101110101010101
100010000000001000100010100010101010101
111011111110101011101110111011101011111
100000100000101000100010001010001000001
101111101010111111101010111011101010101
100000101010100000001010100000101010101
111010101110101010101110111010111111101
100010101000101010100010100010000000101
101010101011101011111110111010101010111
101010101000101010000000001010101010001
101110111111111111101010111010101111101
101000000010000000001010100010101000001
101010101110111110111111101110111011101
101010100010000010001000001000001010001
101110111111101110101110101011101110111
101000100000000010100010101000100010001
111111111111111111111111111111111111111
