111111111111111111111111111111111111111
100000000000000000000000000000000000001
111010111111101111111111111010101110111
100010001000000000000000001010101000001
101110101011111111101111111011111010101
101000101000000000100000001010000010101
101010101111101110111011111011101011101
101010100000100010100000001000101010001
111110111110111110111111111110111010101
100000000010100000000000000010100010101
101111111011101011101110101011101011101
101000000000101000101000101000101000101
101010101110111010101011101010101111101
101010101000100010101010001010101000001
101110101110111011101011101010101110111
101000100010100000101000101010100010001
101011111010101111111111111110111110101
101010000010100000000000100000000010101
101110101111111010111111111011111011101
101000101000000010000000001000001010001
111110111011101110111110111111111011101
100000100010000010100000000000100000101
101010101010101110111110111010101010111
101010101010101000100000001010101010001
111010111111101111101111101011101111101
100010001000000010000000101010000010001
101111111011101010111110111110101110101
100000100010001010001000100000101000101
101111101111101111111010101010101011101
100000100010000010000010101010101000101
111110101011111010101111111011111010111
100000101000001010101000000000001010001
101110111010101111111110111111111010101
101000100010101000000000000000001010101
111010111011101111111110101111101110101
100010001000100000000010100000100010101
101010101111111011101010101011111110111
101010100000100000101010101010000000001
111111111111111111111111111111111111111
