111111111111111111111111111111111111111
100000100000100010100000101010000000001
101010111110111010111011101011101110101
101010101010001010000000000010101000101
101011101010111010101110101010111110111
101000000010001010101000101010001000001
111011111010111010111010111110111011101
100010001000100000001010001010000010001
101011101011111110111111111011111010111
101000001000001000100000101000000010101
101111101111101011111010101011111011101
101010000010101010100010101010100010001
101010111110111010101111101010111011101
101000100010001000101010101010000010001
101111101110111110101010101110101111101
100000100000001000000010101010101000001
111010101110111010101110101010111011111
100010001000100010100010000000001000001
101011101110101011111011101111111110111
101010000010101000100010101010100000001
111111101110101111101110101010101110111
100010101000001000101010000000101000001
101110111010101010111011101010101110101
100000100010101010001000001010000010101
111010111111101010101110101111111011101
100010101000000010101000100000001010001
111010101111101011111011111111111110111
100010000000001010001010000010000000001
111111101110111010111011111010111011101
101000101010101000000010100000100000101
101010101011101111101110111011111110111
100010001000100000001010001010000000001
101111111110101110111011101011111110111
101000100000001010001010000010100010101
101011101110111011101011111010111011101
101010001000001010000010100000100000001
101011101010111010111010101110101011101
100010001010001000001010000010001000101
111111111111111111111111111111111111111
