111111111111111111111111111111111111111
100010000000001000100000001000100000001
101010111111101110101111101010101111101
101000100000100010001010000010000010001
101111101110111010111010111111111110101
101000100010100010101000100010000010101
111010111010101110101011111010111010101
100010001010001000100000000010101000101
101110101011101010111111111110101111101
100010101000101010000010000010100010001
101110111110101111111110111010101010111
100010000000100000000010100010101000101
111011111110111111111010111010101110101
100010000010000000100010001000100010101
101110111011101111101111101111111110101
100010001010101000000010001000100010101
111010101010101011111110101010101010101
100010101010001000100010101010101010001
101111101010111111101011101010101011111
101000001010100000001010001010101000001
101011111010111110111010101110101011101
101000001000100000100010100010101010001
111011101111101111101110101010101110111
100000100000101000100000101010100010001
101110111111101010111111111010111011101
101010100000001010100000000010000010101
101010101111111010101111111111111110101
100010101000000010001000000000100000001
111011101010111111111011111010101111111
100010001010000000100010100010000000101
101110111010111111101110101111111111101
100010100010000010001000001000100000001
111010101111111010111111111010101111111
100010100000100010100000001010001000001
101110111110101110101011101011101110101
101000101000100000101010101000100010101
101011101010111111101010101110111011101
100010000010000000001000100000001000001
111111111111111111111111111111111111111
