111111111111111111111111111111111111111
100010000010000000100010000000100000001
101010101011101111101010111010101111101
101000101010001000101010001010101000101
101111101010101010101010111010101010101
101000101000101010001010100010100010101
101110101111111011111010101110111110101
100000100000100000001000100010000000101
111110111110101111111011111011111111101
100000100010000010001000100010000000001
101111101111111110101110101110111111111
101000100000100000101000100010100010001
101010111010101111101111101011101010101
101010001010101000000000101000001000101
101011101010101111111110111111101111101
101010001010100000001000100000101000001
101011101110111111101011101110101011111
101000100010001000101000001010101000001
101110111010101010101111111010111111101
100000100000101010100010000000000000101
111110111111111010111011111111111110101
101000100000100010001000000010000000001
101011101110101111101110111011111111101
100000101010001000100010001000100000101
111111101011111110111011101110101110111
100000001000100000101010000010101010001
101111111010101110101011111010101011101
100010000010001010001010001010101000101
111011111011111011101010101010101010101
101000100010100000001000101010000010101
101110101110101111111111101011111111101
100000101000100010000010001000100000001
101111101011111010111010111111101111111
100000001000000010100010100000100000001
111111111011111110101110101111101111101
100000001010000000100010001000100010001
101111101011101111111011111010111110101
100000100000001000000000000010000000101
111111111111111111111111111111111111111
