111111111111111111111111111111111111111
100010000000001000000000000000000010001
101110111011101011111110111111111011101
100000001010101010000010100000001000001
101111111010101110111010111111101111101
100010100010000000101000100010000010001
111010101111111111101111101010111010111
100010100010001010000000001010001010101
101110111010101010101111111011101110101
100000001010101000100010100000001000101
111111101010101011111010101111111011101
101000001000101010000010000010001010001
101011111111101110111110111110101010101
101000001000100010100000001000101000101
101111101110111010111111111011101111101
100000000000001010000000000010100010001
101111101111111010111111111110101110111
101000101000000010001000100000100010101
101010101011111111101010111011111010101
101010101010100010001010001000001000101
101010111010101010111011101011101111101
101010001010001000100000101010001010001
101011101011101111111010101110101010101
101000101000101000001010100000101000101
101110101110101110101110111111101111101
101010100010100000100010100000100000101
101010111010111111111010101011111110101
100010001000100010001000101000100000101
111111101111101010101111101110101111101
100000100000001010100000001000100000001
101110111011111010111111111010111111101
100010001010100010000010001010000010001
111011101010101111111010101011101110111
100010001000101000001000101010101000101
101110111110101010111011111010101011101
100010000010101010000010000010001000001
111111111011101011111110111111111111101
100000000000001000000010000000000000001
111111111111111111111111111111111111111
