111111111111111111111111111111111111111
100010001000100000100000001000001010001
101111101011101010111110111011111010101
100000001010001010100010100000000000101
111110111010111010111010111011111011101
100010000010100010101000000010101010001
111010111111111011101011101110101111111
100000101000101000100000101000100010001
101111101011101110101111101011111010101
100000100010000000000010100010000000101
101011101010111011111110111010111010111
101010101010100000001000101000001010001
101110101110111011111110101010111111111
101000100000001000000010001010001010001
101010101110111011101110111010111010101
101010000010001010101000100010001000101
101010101111101110101011111111101011111
100010101000001000001000000000000010001
101111101111111010101010111011101011101
101010100000100010101010100010001010001
101010101110111011111110101111101010111
101000101000101010101000101000001010001
111011101011101010101111111010101110111
100000001000100010000010100010100000001
101110111110111111111010111111101011101
101010001000001000100000100010001000101
111011101010101011101011101010111111101
100000101010101000001010001010000010001
111110101111101110101111111010111010101
100000001010000000101010000000100010101
111010111011111111101011111110111010101
101010000000101010101000001000101010101
101011111110101010111110101111101011111
100000001010001010000000101000100010101
101111101010101011101110111110101110101
100010001000100000101000101000000000001
101110101011101110101110101111101111101
101000101010001000101000000000000010001
111111111111111111111111111111111111111
