111111111111111111111111111111111111111
100000100000000010100000000010100000001
101010111011111010101111111010101111101
101010001010001000101010001010001000101
111011101010101111101010101010101110101
100010001000100000101000100010100000101
101010111111111110101111111111111111101
101010100000000000100010000000000000001
101010101111111111111010101111101111111
101010000000100000100010100000101010001
101111111110101110101110111110101010101
101000100000101000001000100010101000101
101010111111101011111011101010101111101
101010100000001000001010101010100000101
101010101111111111101010101110111010101
100010101000100000100010000000100010101
101110101010101111111011111111111111101
100010101010101000001000001000000000001
111110101010101011101110101111111111101
100010100010101010000010100000000010001
101010111110101011111110111111111010111
101000100000101000000010100010001010001
101110101111101010111010101010111010101
101000100010001010101000101010000000101
111011101110111110101111101011101111101
100010001000100000100010001000101000101
101110111011101111101011101110101110101
101000100010001000001000101000101000101
101011101110111110111110101111101011101
100010001000100000100000100010001010001
101110111011101110101111111011101010111
101000100010001000100010001000101010101
101011101110111011111010101110101010101
101000001000100010001010101000100010001
101111101011111110101010101010111111101
100010001010000000100010100010000000101
111011111010111111111110111111111110101
100000000010000000000010000000000010001
111111111111111111111111111111111111111
