111111111111111111111111111111111111111
100010000000000000100000000000100000001
101010101111111110111011111111101011101
101000100010000010100010000000001000101
101111111011111010101010111111111110101
101010000010000010001010000000100010101
101010111110111111111011111110101110111
100010001000000000001000000010100010001
101111101011111110111111101110101011101
101000001000100000100000101000101000101
101011111111101111101110101011101110101
101010000000001000000010001010001000101
101010111111111011111111111011111010101
101010000010000010000010000010000010101
101011111010111110111010111110111011101
101010001000001000101000100000100010001
101010101111111011101111111110111010111
101000101000000010001000000010001010001
101111101011111110101110111011101011101
100000101000100000100000101000001010101
111110101110111110111111101111111010101
100010100010001000101000000010000000101
101110101111101011101010111110111111101
100000100000100010001010100000100010001
111111111110111110111010101111101010111
100000000000100010000010101000101010101
101111111110101010111110101011111010101
100010100000001010100010001000001000101
111010101111111110101011111110111111101
100010100010100000101000000010000010001
101110111010101111101011111011101011101
101000001000100010001010001000001010001
101110101110111011111011101111111010111
100010100010001000000010000000100010001
101011111010111111111110111111101111101
101000001000100010000000100010001000001
101111101111101010111110101010111110101
100000100000001000000010001000000000101
111111111111111111111111111111111111111
