1111111111111111111111111
1000000000101000100000001
1010111010101011111110111
1010001010001000100000001
1010111010101110101110101
1010001010101000101000101
1110111110101110101011111
1000000010101010101010001
1110111111111010101010101
1000100010001000001000101
1110101111101011111111111
1010100010101000000000001
1010101110101111111011111
1000001010001000000000001
1011101010111111111111101
1000100000001000000010101
1111111011111011111010101
1000001000001010000010001
1011101011101010101111101
1010001000100010100010001
1010111011101111101111101
1010001000101000000000001
1010101010101010101111101
1010100010101010100010001
1111111111111111111111111
