1111111111111111111111111
1010000010000010000000001
1010111110111110111011101
1010001000101000001000101
1010111011101110101010111
1010101000000000101010001
1010101011111110111010111
1000000000101000101010001
1110101010101010101111101
1010101010100010001010001
1011111111111110111011111
1010100010000000000010101
1010101010111110111010101
1000001000001010100000001
1110111011111011101111101
1000001010000010101000101
1010101111101110111011101
1010100000001000101000101
1111101111101110101110111
1000101010000010101010001
1010101011101110101010111
1010001000000010000000001
1010101110111010111010111
1010100010100000001010001
1111111111111111111111111
