1111111111111111111111111
1010001000100000001000101
1010111010111011111010101
1010000010001010100010101
1010111111111010101111101
1010100000100000100000101
1010111011111011101111101
1010100000101000001010001
1010101011101011101010111
1000101000100010101000101
1110111011101110111010101
1010000010100000001010001
1011101110101111111011111
1000000000000000100000101
1110111011101011111011101
1000001000101000000010101
1010111011101011101110101
1010100000101000101000001
1110111011111111111011111
1000100000000000100010001
1111111110111011111010111
1000001000001000000000101
1011101011101110111010101
1010000000100010100010001
1111111111111111111111111
