1111111111111111111111111
1000000000000000000000001
1011111011101110101110101
1000001000100010100010101
1010111011101111111110101
1010100000100010000000101
1011111111111010111110101
1000000010000010100000101
1110111110111010101010111
1000100000001010101010001
1011101111101111101110101
1010000010000010001000101
1011111011111110111111111
1010000000000010000000001
1011111010111011111010111
1010000010001010000010001
1110101110111011111110101
1000101000001000001000101
1011111010101010111111101
1010000010101010000000101
1011101111101110101011101
1010001000001000101000101
1011101111101111101111101
1010001000000010000010001
1111111111111111111111111
