1111111111111111111111111
1000000000000000000000001
1011101111101010111110101
1010000010001010001000101
1011111010111110101011111
1010000010000010101000001
1011101111101010101110111
1000100000101010100010001
1011111110111011101110101
1000000010001000100010101
1010101010101110101110101
1010101010101000101000101
1011111110111010101011101
1000000010001010101000101
1111111011111011101110101
1000000000100010001000101
1010111111101110101010111
1010000010000010101010001
1011111011111111101110111
1010000010000000001000001
1010111010111110101010101
1010100010000010101010101
1011101111111110111011101
1010001000000000001000101
1111111111111111111111111
