1111111111111111111111111
1010000010101000000010001
1011101010101011111110101
1000001000101000001010101
1011101010101010111010101
1010001010000010001000101
1111101010101011111010101
1000001010101000001010101
1110111111101010101010101
1000000000101010100010101
1111101111111111111111111
1010000000101010100010101
1010111111101010111010101
1010000000100010100010001
1011111011111010101110111
1010000010100010101000001
1010111010111010101011101
1000101010000010000010001
1010101010101110101111111
1010001000101010100000001
1011111110101011101111111
1010001000100010101010001
1011101010111010101010101
1010000010100000000000101
1111111111111111111111111
