1111111111111111111111111
1000000000000000000000001
1110101110101011111111101
1000101000101010000000001
1110111011111110111011111
1000001000001000100000001
1111111111101011101111101
1000000000001000101000001
1011111111111011111110101
1000001000000010000000101
1110111111101011111011111
1000100000001000001000001
1011101110101111101010101
1010000010101000001010101
1110101111111011101011101
1000101000000010001000101
1010111010111010101011101
1010001010001010101000101
1111111110111010101110111
1000000000001010101000001
1010111011111010111110111
1010100000001010001000001
1010101110111110101110101
1010101000000010100010101
1111111111111111111111111
