1111111111111111111111111
1000001000001000100000001
1110101110101011101111101
1000100000101000001000101
1011111111101110101011101
1010000010000000101000101
1010111011111111101110101
1010101000000000100010101
1010101110111111111010101
1000100010100010000010001
1111101111101010111111111
1000000000001000100000001
1011111111111111101110101
1010100010100000001010101
1010101010101011111010111
1000101010001000000010001
1110101011111111111111101
1010001000100000100000101
1011111010101110101110101
1010001010100010001010101
1010101010111011111010101
1000100010000010000010101
1011111111111111101110101
1000000000000000000010001
1111111111111111111111111
