1111111111111111111111111
1000100010000010000000001
1110101110111111101011111
1000100000001010001010001
1110111111101011101111101
1000001000000000000010101
1110111110111010111010101
1000101000101010001000001
1110101110101110111111111
1000100000101000100000001
1110111110101111101111101
1000101010000010000000101
1110101010111011101010111
1010100000001000001010001
1010111110111110101110101
1000100010100010100010101
1010101110111011111111101
1010000000000000000010101
1011101011111011111110111
1000101000001010100000001
1011101010111010101111111
1010001010100000000000001
1110111111111011101110111
1000000000001000101000001
1111111111111111111111111
