1111111111111111111111111
1000100000000000000000101
1010101111111011111110101
1010001000000010000010001
1011111011111111101111101
1010000010000000001000101
1010111110111011111010101
1010101000101010000010001
1110101011101010111111111
1000100010001010001000001
1011111010111011101111101
1000001000100010001000001
1011101111101010111011111
1000100000101010001000001
1110111110101011101111101
1000101000101010001000101
1011101011101110111011101
1010001010000000000010001
1011101011111111111010111
1010001000001000001010101
1010101111101011101010101
1010101010001000101010001
1010101010111110101111101
1000100010000000100000001
1111111111111111111111111
