1111111111111111111111111
1000000000000000000000001
1010111011101110101110111
1010001000101000101000001
1010111111111111101010111
1010100000000000001010001
1010111010101010101010101
1010100010101010101010101
1111101010111011101011111
1000001010001000101000001
1011101110111011101110111
1010001000001000101000001
1010101011111011101011111
1010101000100010001000001
1011101011111111101110101
1000101000001000000010101
1110101110101110111011101
1000101000100010100000101
1010111111101010111111101
1010100000001010000010001
1111101110101010101111101
1000000010101010100000101
1011101011101111111011101
1000101010001000000010001
1111111111111111111111111
