1111111111111111111111111
1000100010000000101000001
1010101010111110101011101
1010001010100010100010001
1011101010101010101011111
1010001000101000101000001
1110111111101111111111101
1000100000100010000000101
1011101111111010111010101
1010000000101010101010101
1010111110101010101011101
1000100000100010101000001
1011111111101110101110101
1000100010000010101000101
1110111010111110101011101
1000100010001000100010101
1010101111111011101110101
1010100000001000100010101
1010111111101110111010101
1010000010000000100010101
1011111110111111101010101
1010000010001000101010101
1010101011111010101010101
1000101000000010001010001
1111111111111111111111111
