1111111111111111111111111
1000000000000000000000001
1111111111111111101111111
1000000000000000100000001
1111111011111111111111101
1010000010001010100000001
1010111011101010101111101
1000101000001010100010001
1010101011111010101111101
1010001010001010100010001
1011111011101010101011101
1010001000001010101010001
1010111011101010111110111
1000001010000010101000101
1110111111111010101010101
1000000000001000100010001
1111111110111110111111101
1000100000001010100010001
1010101010101010101111101
1010001010100010100000001
1111101111111111111010111
1000101000001010101010101
1011101010101010101010101
1000000010100000000010001
1111111111111111111111111
