1111111111111111111111111
1000100010000000000010001
1010101010111011111010101
1010001010101010000010101
1010111110101011111111101
1010100010101000000000101
1110101010101111111110101
1000101000001000100010101
1011101111111010101010101
1000001000000010001000101
1111101011111110111111101
1000101000100010000010001
1110111110101110111010111
1010001000100010100010001
1011101011111010101111101
1000101000100010100000101
1110101110101011101110101
1000100000101010001000101
1010111111101010111110101
1010100000001000100010001
1010101111111111101011111
1010100000000010001000001
1011101111101011111111101
1000001000001000000000001
1111111111111111111111111
