1111111111111111111111111
1000000010000000000010001
1011111110111011111010101
1010000000100010001010101
1010111111101011101011101
1000100000001010001000001
1011101011111010111111111
1000101010001010100000001
1110101110101110101111101
1010100010100010001000101
1010111010111011111010101
1010001000101000001010001
1011101111101010111011111
1000100000001010100010001
1011111111101011101110101
1000000000101000100010101
1011101111101110111011101
1010001000001000001000001
1010101011111011111111101
1010101010001010000010001
1010101011101010111010111
1010101010001000101000101
1010111010101111101111101
1010000000100000000000001
1111111111111111111111111
