1111111111111111111111111
1000100000000000100000101
1011111011111011101011101
1010001010001010001010101
1010111011101011101110101
1010001010101000000000001
1010111110101011101010101
1000101010001010001010101
1010101011101111101111101
1010101000000010000000101
1110101111111011101110101
1010000010101000100010101
1010111110101011101111111
1010001010000000001010001
1011101011101111101010101
1010001000101010001010101
1011101010111011101010111
1000001010100010100000001
1011101110101010101111111
1010000000101000000000001
1011101110111011101111101
1000101000000010000000101
1111111110101010111011111
1000000000101010100000001
1111111111111111111111111
