1111111111111111111111111
1010100010000000000000001
1010101010111110111010111
1000001010001000100010101
1011101110101011111010101
1010000000101000100010001
1111111011111111111110111
1000000010001000000010001
1011111011101011111110111
1000100000001010001010101
1111101111111010111010101
1000100010101010000010001
1010111010101010111011101
1010100000001000001010001
1110101110101110111111101
1000000010100010001010101
1110111110111011101010101
1000100000001010001010001
1011101110101010111010111
1000100010101000000010001
1110111111111111111111101
1000101000000010001010101
1011101010111010111010101
1000000010001000000010001
1111111111111111111111111
