1111111111111111111111111
1000101000100000000010101
1010101010111111101110101
1010101010100010100000101
1110101110111010101111101
1000000000100000001000101
1110111110111110101110101
1000100010100010100010001
1111101110111011101110111
1000100010101010000000001
1011111010101011101110101
1010000000000000001000101
1011111111111011101111101
1000101000101010000000101
1011101011101011111111101
1010000010000000000010101
1011101011101010111010101
1000101000001010100010101
1110111010111111111110111
1010000010101000000000001
1010101110101010111111101
1000100010000010000000101
1111101010111110101110101
1000001010000010101000101
1111111111111111111111111
