1111111111111111111111111
1010000010101000000000001
1010111110101110101111111
1010000010000010101000001
1011111010111111101011111
1000001000001000001010001
1010111110101110111010111
1010000000100010101010001
1110101111111110101010101
1000100000100000100000101
1111101010111010101111101
1000001010000010101000001
1011111010111110101111101
1000001010101000100010001
1111111111101110101111101
1010001000100010001010001
1011101011101110111011111
1000001010100000001000001
1110111010111111101110111
1000000000100010000010001
1010111011101111111010101
1010100000100000000000101
1010111010101011111111101
1010100010001000000000101
1111111111111111111111111
