1111111111111111111111111
1000000010001000100000001
1010111011101110111011101
1010001000001000100010001
1111111010101011101111101
1000000010101010001000101
1110111011101010101010111
1000001010000000100010001
1010101011101110101110111
1010101010101010100010001
1010111010111011101111111
1010001000000000101000001
1110111010111010111111101
1000001010101010100000001
1010111110101010101110111
1010100000001010000010001
1110101011101111111111111
1000101010100010000000001
1011111010101011111110111
1000101000101000100000101
1011101010111011111110101
1000001010101000101000101
1011111111101110101011101
1010000000000000000000001
1111111111111111111111111
