1111111111111111111111111
1000000000000010001000001
1111111110111110111010101
1000000000000010000010101
1111111011111110111110111
1000001000000010001000001
1010111110111010101010101
1010000000101010101010101
1010111010101010111110101
1010001010001010001000101
1011111110111010111111101
1010000000101000001000001
1011101011101011101111101
1010001000101010001000001
1010111110101011101110111
1010001000001010001000001
1110111111111110111011101
1000000000000010001010101
1111111011111111111010101
1000001000000000101000101
1011101011101011101110111
1000101010001000101000001
1010101111101110101010111
1010100000001000001010001
1111111111111111111111111
