1111111111111111111111111
1000000000000000000000001
1111101110101111101010101
1000001000101000001010101
1011111011101010101011101
1010000000101010101000101
1110111110101110101111101
1000100000100010100000101
1011101110111110111011101
1010001000100000001010001
1010111011111011101011101
1010001000001000101000101
1011111111111010101010111
1000001000000010101010001
1110101110101111101111101
1000100010100010001000001
1010101111101011111110101
1010100010001010000000101
1011111110101110111010111
1000000010101000001010001
1010111111101110111010101
1010000010001000001010101
1110111010111111101111101
1000001010000000101000001
1111111111111111111111111
