1111111111111111111111111
1000000000001000001000001
1111111111101010101011101
1000000000100010101000101
1011111110101110101111101
1000001000100010100000001
1011101110111110111111101
1000100010100000101000001
1110111010101111101011111
1010101010001000100000001
1010101011111010111111101
1000101000001010000010101
1011101111101011111010101
1000001000100010001010001
1111101110111110111011111
1000100000000000100010001
1011111011111111101110101
1000000010000000100010101
1111111110111110101010101
1000000010100010101000101
1011111110101010111111101
1000000000101010000000101
1111111111101111111110101
1000000000000000000000001
1111111111111111111111111
