1111111111111111111111111
1000100000000000000010001
1010101111111010111110101
1010101000100010000000101
1010101010101111111111101
1010001010100000100010001
1011101110111110101010111
1000100000100000101010001
1110111111101111111010111
1010100000001000001010001
1010101110111011101010101
1000100010101000101010101
1111111011101110101011101
1000100010000000100000001
1010101110111111111111111
1010000010100000100000101
1111111010111010101110101
1000100010000010001010101
1010101111111110111010101
1010100010001000100010101
1110101010101011101010101
1000101000101010001010001
1011111111101010111011101
1000000000001010001000001
1111111111111111111111111
