1111111111111111111111111
1010000000000000100010001
1010111010101010111011101
1010001010101010101010001
1010111111111011101010111
1010100000101000000010101
1010111011101011111110101
1010000010101000000010001
1010101010101011111011101
1010101000001000100010101
1011111110111111111110101
1010000010001000000010001
1010111110101110111011101
1000001000100000100010001
1010101010101010101010111
1010100010101010101010001
1011101110101110111011101
1010000010101000100000001
1011111011111111111111111
1010000000100010000000101
1010111010101110111110101
1010001010000000001000101
1011101010101011101110101
1010001010101010001000001
1111111111111111111111111
