1111111111111111111111111
1000100000100000101000001
1010111011111010101011111
1010000010101010100000001
1010111110101110101111111
1010000010001000100010001
1111101110101110101011101
1010000010101000101010001
1011101110101110111011101
1000001010101000000000001
1011101010111110111010111
1000101010001000100010001
1011111011101011111011101
1010100000100000100010001
1010101011111011111010101
1000001000000000101010101
1011101111101110101110101
1000100000100010101010101
1111101011111111101010111
1000101000001000000000001
1011111010101110111110101
1000100010101000000010101
1110111011111010101110101
1000000010000010101000101
1111111111111111111111111
