1111111111111111111111111
1000001000000000000000101
1011101011111011111110101
1000101000100010000010001
1011101110101111111011101
1010001010100000001000101
1011111010111111101110101
1010000000100000001000101
1011111111101111111011101
1000000000101000100000001
1111111110101010111111111
1000000010100010100000001
1011111010111010101111101
1010100010001010100010101
1010101111101110111010101
1000100000101000100000101
1110111110101011101111101
1010100010001000000010001
1010111011111111111010101
1000100000100000001010101
1011101110111011101010111
1010001000100010001010001
1010111011101110111111101
1000100000001000000000001
1111111111111111111111111
