1111111111111111111111111
1000001010000010000000001
1011101010111010111111101
1010001010100000100010101
1110111010111111101010101
1000100010000000101010101
1011101011111110101010101
1000001010000000101010101
1011111010111111101010101
1000100010001000101000001
1110111110111010111011111
1000000010001010000010001
1011111011101011111110101
1000001000101000001000101
1011111110101111101011101
1010000000000010100010001
1010111111111010111011111
1010000010000010000010001
1111111110111110111110101
1000000000100010100010101
1011111110111010101010111
1010000010000010001000101
1010111011111111111111101
1000001000000000000000001
1111111111111111111111111
