1111111111111111111111111
1000000000000000000000001
1011111011111111101111101
1000100000000000100000101
1011101111101010111011101
1000101000001010100000101
1010101010101010101110111
1010101010101010100010001
1010111110101011101010111
1010100000101000101010001
1010101010101010101111101
1010101010101010101000001
1010111110111111101111111
1010000010001000000000001
1110101111101011101111111
1000101000001010000000001
1110111111101111111011111
1000000000100000001000001
1011101010111110111110101
1000101010100000000010101
1010111010101010101110101
1010001010101010100010101
1010111011111111101011101
1010100000000000101000101
1111111111111111111111111
