1111111111111111111111111
1000001000000000000010001
1011101111111011111010101
1000100000100010100010101
1110111110101110101111101
1000100010001000100000101
1011101111111011111110101
1010100000000010000010001
1010101111111010111011101
1010100000101000100000101
1010111110101111101111101
1010000010100010001000001
1011111010101010111011111
1000001000001010001000001
1011101111111110101111101
1000100000000010101000101
1110111111111010101010101
1010001010001010100010101
1011101010101010111110101
1000001010100010100010101
1011111010111111101110101
1000100010100000001000001
1110111010101111111011111
1000000010001000000000001
1111111111111111111111111
