1111111111111111111111111
1000000010001000001000001
1111111011101011101011101
1000100000101010101000101
1010101110101010101110101
1010100010000010101000101
1010111111111010101011101
1010000000001000101000101
1011111111101111101111101
1000000000100000100000001
1110111110111110111010111
1000101000100010001010001
1011101011111011101011101
1000101000001010000010001
1010101111101010111111111
1010100010101010100000001
1110111010101010101111101
1000000000100010001000101
1011111010111011111110101
1010001010100010000000101
1011101011101011111011101
1010001000101010001000001
1010111110101110111111101
1000100000100000100000001
1111111111111111111111111
