1111111111111111111111111
1000000000000010001000001
1111111011111110111011111
1000000000000010001000101
1111101111111111101110101
1010001000001010001000001
1011101010111010111110101
1010001010001010000000101
1010111011101011111111101
1000000010000010000010001
1111111011111111101010111
1000000000100010001000001
1110101110111010101110111
1000100010000010101000001
1011111111111111111111101
1010000010000010000000001
1010101011101110111110101
1010101000101010001000101
1011101010101010111110111
1000001010000010001000001
1111111011101110101011101
1000001010000010101000101
1010101011101111101111111
1010100010000000000000001
1111111111111111111111111
