1111111111111111111111111
1000000010000010000000001
1011111011101010111111101
1000101000001010000010001
1110101111111011111010111
1000100010000010001010001
1011111010111110101011101
1000100010001000101000101
1110101010111010101110101
1000101010001010100010101
1010101111101010111010101
1010100000001010001000101
1110111111111011111111101
1000100000000000001000101
1011101111111111101010111
1010000010000000101010001
1010111010101011101011111
1010100010101000101010001
1010101110111110101011101
1010100010000010001010001
1011111011111011101010111
1010000010001000101000101
1010111010101110111010101
1000001000100010000010001
1111111111111111111111111
