1111111111111111111111111
1000000010100000000000101
1011111010101110101011101
1010101000001010101010101
1010101011111011111010101
1010001010100000100000101
1111101110101111111110101
1010001000100000000000001
1010111011111111111011101
1000001000001000100010001
1110111110111011101110101
1000000000000000001000101
1110111011101110111010101
1000100010000010100010101
1010111011101011111011101
1010001010001000100000101
1010111111101111101111101
1010100000001010101000001
1111111110101010111011101
1000000000101000001010101
1011111111101011111110111
1010100000000000000000001
1110111011111010111010101
1000000010000010100010101
1111111111111111111111111
