1111111111111111111111111
1000100000001010100010001
1110101010101010101111101
1000001010100000100000001
1111111110101111101110111
1010101010100000100010001
1010101010101111111110111
1000000000100000100010101
1010101011111110101010101
1010101000100000001000001
1010111011111111111111101
1010100000100000001010001
1111111110101110101010101
1000000000101000100000101
1011111111101110101111101
1000000000101000101000001
1111111011101111111011111
1010000010100000001000101
1010101110111011111010101
1000100010100000001010001
1111101110101111111111111
1000100000100000000010001
1010101010101010111010101
1010001010101010001000101
1111111111111111111111111
