1111111111111111111111111
1000001000000000100000101
1010111011111110101110101
1010000010000000100010001
1111111110111111111011101
1000100010100000101010101
1011101010101110101010101
1000001010100010000010001
1110111010101111111110111
1000100010100000001010001
1111101110111111101011101
1000100010000000101000101
1010101011111010101010101
1010101000100010100010101
1110101111101110111110101
1000101000001000101000101
1011101011111010101011101
1000001000101010100010001
1011111110101010111011111
1000000000100010000000001
1111111111101111111111101
1000100000001010000000101
1011101111111010111110101
1000000000000010000010001
1111111111111111111111111
