1111111111111111111111111
1000000010001000000000001
1011111010101011111110101
1000001000101010000010101
1111101110101110111010101
1000001000101000100010101
1011111011101011101111101
1010001010001000100000001
1011101010111110111110111
1000001010000000100000101
1111111011111111101110101
1000001010001000001000101
1011101010101111111111101
1000101010101000000000001
1110101010101010111111111
1000101000101010100010001
1011111111101010101010101
1010000000100010001000101
1010111110111111101111101
1000100000000000100000101
1110111111111111101111101
1010000000100000001010001
1011101010111011101010101
1000001010000010001000101
1111111111111111111111111
