1111111111111111111111111
1000100000001000001000001
1010101011101011101011101
1010001010001010001010001
1111111010111010111011101
1000001010100010001000101
1011101010101111111010101
1010001010100000000010101
1010101110111111111110101
1010100010000000000010101
1010111011101111111110101
1010001000001000100000101
1010111111111010101111101
1010100000000010001000001
1010101111111111111011111
1010001000000000100000001
1011111011111110101111111
1010001000001000100000001
1010101111101110111111101
1000100010001000101000001
1111111010101011101011111
1000000010101010001010001
1011111111111010111010101
1000000000000010000000101
1111111111111111111111111
