1111111111111111111111111
1000100000000000001000001
1010101111111110101011111
1010101000001010101000001
1010101110101010101011101
1010100000100010101010001
1010111011111110101110101
1010001010000010100000101
1010111010111010111111101
1010000010100010000010001
1011111110101111111010111
1010100010100000000010001
1010101010101111111111101
1010101000101000000010101
1010101110111011111010101
1010101000100010001010001
1010101110101110111010111
1010100010100000100010001
1010111011111110101111101
1000100010001000100000101
1110101110101011111110101
1010100000100010000010101
1010111111111110111110101
1000000000000000100000101
1111111111111111111111111
