1111111111111111111111111
1000000000000000000000001
1010111011111111101110111
1010100000100000000010001
1011101110111011111111111
1000100010001000000000001
1111101111111011111010111
1000001000000000001010001
1111101011101111101010101
1000001010000010001010101
1010101011101111101111101
1010101010000000100010001
1110111010111110111111101
1000001010100000000000101
1111111010101010111111101
1000000010101010000000101
1010101011111111101110101
1010101000001000000010101
1011101111111011111011111
1010000000001010000000001
1110111011111111111010101
1000001000100000000010101
1110111110101010111011101
1000001000101010100000101
1111111111111111111111111
