1111111111111111111111111111111111111111111
1000001000001010100000001000000000001000101
1111101010111010111011101011111111111011101
1000000010001000000010100010100010001010001
1110101111111011101110111010101010111010111
1010100010001010001000000010001000101010001
1010111110101011111110111111101111101010111
1010000010100010000010001000000010100000001
1011101111111010111110101111101110111110101
1010000000001010101000100000100010101010101
1011101111111110101110111111101110101010111
1010001010101000000000000010000000000000101
1010101010101011111011111111111110111111101
1000101000000000100000101000000000100010001
1011111110111011101111101111101110111010111
1000100000101010000000000010100010100010001
1110111110101110111110111110101111101110111
1000100000101000001000000000000000001000001
1110111111101111101110111011111010111110111
1000001010001000001000101000100010101000001
1011111010101110111111101110111110101010101
1000000010100000001000000010101000001010101
1010111110111111111110111110101110111110101
1010100000100010100000000010101000000000101
1010111011101010101011101111101010111011111
1010000010101010001010100010001010101000001
1111111010111011101110111110101110101011111
1000000010100000000000000000101000100000001
1011101110111110111010111110111010101111101
1010001000001010101010000010101010100000101
1111111010111011101010111111101011111110111
1010000010100010000010001000100000101000001
1010111111111011111110111010101010101011111
1000001000101010001010001010101010001010001
1111101110101010101011101110101111101111101
1000000000101000101000000000001000000000001
1110101011101110101011101110111110111111111
1000101000001000101010000010100010000000001
1110101010111011111011111110111011101110111
1010101010001000001010000010100000101000001
1010101011111010111110111010101010101010101
1000101000000010000000001000001010101010101
1111111111111111111111111111111111111111111
