1111111111111111111111111111111111111111111
1010000000001010000000001000000010000010001
1010101111111011101010101011101010111111101
1010101010100000101010100000101010000010001
1011101010111011101110111011101111101110111
1010001000000010100010101010101000000000001
1011101011111110101110101010101111101111111
1000000000001000101010101000101000001010001
1111111011101110101011101111111010101010111
1010101010101010000000000000000010100000101
1010101010111011101110111111101010101111101
1000100010001010101010000000101010101000001
1011111011101010101010101110111111101110101
1010000010101000000010100010001010100010101
1010111110101011111110111011111010111110111
1000001000000000101010001010000010100000101
1011101010111110101011111110111110111011101
1000101010001000001000100010100000000000001
1011111011111110111010101010111010111110101
1000100000000010000010101000001010100010101
1110111011111111101111101111111010101110111
1000101000101000100000101010101010101010001
1011101011101110111011101010101110101011111
1000100000000010101010101010000000000000001
1010101011111110101110101011101011111111101
1010001000001000100000100000001010100000101
1011101110101110101111101111101110101111111
1010000010100010000000000000101000000000101
1111101111111110111111111110101110111111101
1000000010101010000010000010100010000010001
1010101110101010111110111110111111101010111
1010100000000000000000100010000000001010101
1011101111101110101110101111111010101110101
1000100010101010100010000000101010101010101
1111101010111010101111111111101111111010101
1000001000000010100000101010000010000010001
1010111011111011111011101010111111101110101
1010100000100000001010000010100010100000101
1011111110111111111111101110101110101010111
1000001010000000000000001000101010001010001
1010101010111110111010101110101010111111111
1010101000100000001010100000000000000000001
1111111111111111111111111111111111111111111
