1111111111111111111111111111111111111111111
1000001000000000100000001000000000001000001
1110101111111010101111101011111111111011101
1000100000100010100010001000000000000000101
1011111110101110111010111011111111111111101
1000100010001010000010100010000000001000001
1010111011111011111110101110111110111011101
1010001000000000100000101010100010100010001
1111101111101110101111101010111010101110111
1000001000001000100010101000000010101000001
1011111011111011111010101011111110101111111
1010000000001010000010101000100010100010001
1011111011101110111110101111101010111010101
1000001010101000100000100000101010001000101
1011101010101011101111111110101011101111101
1000101000100010000010000010101000101000101
1011101110111110111010101110101110101010101
1010001010100000001000100000101010101010101
1110111010101111111011111111101010101010101
1000100010101010001000001000001010100010101
1011101110101010101111101011111010111110101
1010000000100010101000101010000010000010101
1010111110111110101110101010111111111010101
1010100010000000100010000010000000000010101
1011101111111111111011111111111110111110101
1000001000000000001000000010000010100000101
1111111011111011111111111010111010101011101
1000100010100010001000001000101010101010001
1010111010101110101011101111101010101110101
1010001010100010100010001000101010001000101
1011101010111010111110101010101011111011111
1010001010001010001000100010001000001000001
1011101010101011101011111111111111101011101
1000101010100000101000000000000010001010001
1010101011111110101111111111111010111010101
1010100010000010100000100000100010001010101
1010111110111011111110101010101011101010101
1010000010101000000010101010101000101010101
1011111010101110111110111011101111101110101
1010100010001000100010001000101000001000101
1010101111101011101011101110101011111011101
1000100000001000001000000000100000000010001
1111111111111111111111111111111111111111111
