1111111111111111111111111111111111111111111
1010001000100010000000001010000000000000001
1010101010101010111111101010111111111011101
1000101010101010000000100010101000000010001
1011101110101011111010111110101011111110111
1010000000101010000010100000101000100010001
1110111111101011111110101111101110101111101
1000001000001010000010100000001000101000001
1011111011111010111010111011111011101011111
1000001010001000100010000010001000100010001
1011101010101111111011111110101110111010101
1000101010100010001010000010100010100010101
1110101010101010101010111010111110101110101
1010100010101000101000001010001000100010101
1010111111101111101111101010101011111011101
1010000000001000101000101010100000001000101
1011111110101010101011101010111111101010101
1000000010101010101000001010000010101010001
1110111110101110101011111111111010101011111
1000100010100000101010000000100010101000101
1011101010111111111010111110101110101110101
1010001000100000100010000010101010001000101
1011101111101010101110111010101011111011101
1000100010101010100000100010001000000000101
1110111010101010111111101111111111111110101
1000001010001010000010001000100000000000101
1011101011101111111011111010101111111111101
1010001000100010001000000010001000000000001
1011111010111010101111111011111011111110111
1000001010101010101000001010001010001010001
1111101110101010101011101010101010101011101
1000001000001010100010001010101000101010001
1011111011111010111110111010101110101010111
1010000010001010000010100010100010100010001
1010101111101011111010111110111011111110101
1000100000001010001010000010001010000010101
1111111110111010101011111011111010111010101
1000000000101000101010001010001010101000101
1011111111101110101010101010111010101011101
1000000010001000100010101000000010001010101
1111111011101011111110101111111111111010101
1000000000001000000000100000000000000010001
1111111111111111111111111111111111111111111
