1111111111111111111111111111111111111111111
1000000010001000001000100010000000100010001
1011111010101011101010101010111110101010101
1000100000101010000010001010000010001000101
1111101111111011111111111011111010111111101
1010001000000000001000001000001010000010101
1010111010111111111010101111101011111010101
1010001010100000100010100000101010100010001
1010101010101110101111111110101010101111111
1010100010100010001010000010000010001000001
1011111110111011111010111011111111101111101
1000001010001000100010001010000000100000101
1011101011101011101011111011111110111110101
1010001000101000101000001000000010100000101
1010101010101110101110101111111010101111101
1010100010101010100010100000101000101000101
1011111110101010111010111110101011101010101
1010000010001010100010001000001000101010101
1010111011111010101111101011111110101010101
1000101010100010100010001010100010001010001
1110101010101010111010111010101011111011111
1000100010001010100010100010101000000000001
1011111110111110101111101110101011111110101
1010001000001000100010000010001000100000101
1010101111101011111010111011111110111111101
1000100010001000001010001000000010100010001
1111101011101111101011101111111010101010111
1000101000000010100010000000001010001010001
1110101111111010111110111111101011111011101
1000101000100010000010100000101000000010101
1011101010111010111011101111101111111110101
1010001010100010001000100000100010001010001
1010111110101111111110111110111011101010111
1010000000100000000010001000101010001010001
1011101111111111101111101010101010101011101
1000000000101000000000001010101010100010001
1111111110101011101111111010101010111011111
1000000010001000100000000010101010101010001
1011111011111110101111101110101010101010101
1000100010001000100010100010101010001010101
1110101110101011111010111010101011111011101
1000100000100010000010000010001000000000001
1111111111111111111111111111111111111111111
