1111111111111111111111111111111111111111111
1000000000100000001010100000001010000000001
1110111110101110111010111110101010111111111
1000100000001010100000000000100000000000101
1111101011111010111011111110101011101110101
1000101000000010100010000000101010001010001
1011111110111111111110111011111011111010101
1000101000100000100000101000001000001000101
1011101011111011101110101110111110101011101
1000001000001000100010001000000010101000101
1011111011111010111110111110101111101011111
1010001000100010100000100000100000101010101
1010111011101110101111111010111110111010101
1010000000001000000010001010001000101000001
1011111110111110111110111011111111101011111
1010000010101000101010000010100010100000001
1010111010101111101010111010101110101011111
1000101010100010000000100000000000101000101
1011101011111011111111101011111111101110101
1010001010100000100010001000000010001010001
1010111010111010111010101111111010111010101
1010001010000010101000101000001010000010101
1011101111111011101010111111101111111011111
1000001010000000000010000010001000000000001
1010111010101111101110111011101110111011101
1010000000101010001000101000001010100010001
1111101010111011111110101110111010111111111
1000101010100010001000100000001010100000101
1011111111111010101010111110101010101111101
1000100000001000101010001000101000000010001
1011101111101110101111101111111110111110111
1010001010000000100000000000001010100010101
1010111011101111101011101110111010101110101
1000000000101000001010001000100000001000001
1011101111111110111011111110111011101110111
1010001000100010100000001000101010000000001
1011101011111010111010101111101111111111101
1010000000101000001010100000100000101010101
1011101110101111111110111110111010101010101
1000100010000000100010001010100010100000001
1110101010101110101010101010111010111110111
1000101010100010001010101000000010001000001
1111111111111111111111111111111111111111111
