1111111111111111111111111111111111111111111
1000001000001000000010000000001000001000001
1011101011111110101010111010111010111111101
1000100000000000101010001010000010001000101
1110101110101110111010101011111010101010101
1000101000101000100010101010000010100010001
1110111111111111111111111111111110111111111
1010100000100000100010001000001000000000101
1010111010101011101010111010101110101010101
1010101010101000001010000010100000101010001
1010101010111110111010101110111110111111101
1010100010100000100010101000100010000010001
1010111011111111101111111110101011101011101
1010000000000010001010000000101010001010001
1011101111101110101011111110101110101011101
1000100000100010100010000000100000101010001
1010101110101011101111101111111010111011101
1010001000101010100010001000100010001010001
1011111011111010101110101011111111101111111
1010000000100000000010100000100010001010001
1111111111101111111110111011101110111010101
1000000010001010001010001000100000000000101
1111101110111010101010111011111111101111111
1010101000000000101010001000101000000000001
1010101011111011101010111111101011101010101
1000001010000010001010000000100000101010101
1110111011111010111011111111111111101111111
1000000010000010000010100000001010000000001
1011111111111111111110111011111010101110101
1010000000000010000010100000101000100010101
1010101010111010101010111011101010111011101
1000101010100000101000100010000010100010101
1111111110111111111110101110101010111010101
1000000000000000000010000000101010100010001
1111111111111111111011111111111111111111111
1010000000100010001010000000100000101000101
1010101010101110111010111010101011101010101
1000101010000010000010100010101000000010101
1011111010101010101011111010101110111010101
1010100010101000101010000010001000100010001
1010111010111111101010111010101110101111101
1000100010100000001000001010101000100000101
1111111111111111111111111111111111111111111
