1111111111111111111111111111111111111111111
1010100010000000000000100000000010101000001
1010101011111011111111111111101110101111101
1010001000000000101000100010001010001000001
1011101111111011101110101110101011101111101
1000000010001000100000100010100010001010001
1010101111101110101111101111101110111011101
1010100010000000000000000000000010000000001
1011111010111110101110111110111111101111111
1010100010001000101000100000000010001000001
1010111011101111101111101010111111101010101
1010000010100000101010101010101000000010101
1010101110101110101010101110101011101111101
1010100010001000100000100010000010001000001
1111111111111111111111111110111111111111111
1010001000001000100000001010001010101000101
1011101110111010101110111010101010101010101
1000001000001010100010000000101000000010001
1111101011101110101110101010101011111110111
1000001000100000100010101010101000100000101
1011101111111011101111111111101110101110101
1010001010000000100000101000101000101000101
1011111010101110101110101011101011111110101
1000001000101010001000000000101000100000001
1010101111101010101011101111101011111111101
1010101000001000101000100000101000100000001
1011111111101111101010101110101011111110111
1000001000100000101010100010100000101000001
1011111110111010111111111111111011101110111
1000001000000010100000101000100000101010001
1110101011111111111110101010101010101010111
1000101000000010101000101010001010100000001
1110111010101010101011101110111111101011101
1000001010101000100000001010100000101010001
1110111110101111111011111010111110101111111
1010001010101000100010000000101010100000001
1011101010101010101111101110101010111110111
1000001000100010100000001000001000100000001
1111101111101111101011101011101110101111101
1000000000000000101010001000100000101000001
1111101010111011101110101110111111101011101
1000001010001000100010101000000000101010001
1111111111111111111111111111111111111111111
