1111111111111111111111111111111111111111111
1000000000000010000000000010000000100000001
1011111111111010111111111010111110101011111
1000100010001010101000001000100000101000001
1110101010101010101010101111101111101111101
1000101000101010100010100010101000001000001
1111101111101010111110111010101011111011111
1000001000001010001000101000100010001010001
1011111110111011101011101110111110111010101
1010000010000000101000100010100000001000101
1010111011111111101110101110111111101111101
1000101000000010001000100000000000100010001
1011101111111010111011101111111110111010101
1000100000001000100010001010001000000010101
1110111111101111101010111010101111111010111
1010000010001000001010000010100010100010001
1011111010111011111011111010111010101111101
1000100010100010001010001010001010101000101
1010101110101110111010101110111010101010101
1010100010000000100010101000100010101010101
1010111010111111101110101011101110101011101
1010001010001000100000100000101000001000101
1111101011111010111111111111101111101110101
1000001000001010000010000000001000100010101
1011111111101011111010111111101110111010101
1010000000101010001000100000101000101000101
1010111010101010111111101111101011101110101
1010100010101010100000100000001000100000101
1010101111101010101010101111111110111111101
1000100000100010001010100000000010000010001
1011111110111110111011111111111011111010111
1000001000001010001000000010000010001000101
1111101011101011101111111010111111101111101
1000101010000000101000001000100000100010001
1010101011111110101111101111101110101110101
1010101000001000101000000010001010100000101
1011101111101111101011111011101010111111101
1000100000100000101000100000001010000000001
1010111110111110101110111111111011111111101
1010000010001010100010001000000000001000101
1010111111101010111011101011111111111010101
1010000000000010000000001000000000000010001
1111111111111111111111111111111111111111111
