1111111111111111111111111111111111111111111
1000000000000000000000000000000000000000001
1110101110101111101011111011111011111111101
1000101000100000101010000000100000000000101
1111111010101110101110101011111110111110101
1000000010100010101000101010000000001000101
1011111010111111111110111011101010101010101
1000100010000000001000100000101010101010101
1010101111101111111010101111111110111111101
1010101000000000001010101000000000000000101
1110101111101011101010101110111111111010111
1000100000101000101010101000000000100010001
1110111010111011111110101110101110101110111
1000001010001010000000100010101000100010001
1011111010111010101011101010101111101111101
1000001010001010101010001010101000001000001
1010111111101011101010111110111011101011101
1010000010001000101010100000001010001010001
1011111010101110111011101010101110101111101
1000001010100010001010001010101000101000001
1011111111101010111111111010101111101110101
1000001000001010000010000010100000100010101
1011101011111011101110101011101011111111111
1000101000100000101000101000101000000000001
1011111110101010111011101111101011101111111
1010000000101010001000100000101010000000001
1010111111101110111110101011101011111011111
1010000010001000100000101000101000100000001
1010111111101111111110101110111111101010101
1010000000100000001000100010100000001010101
1010111110111010111011101110111111101111101
1010000010001010100010001000000000101000001
1010101011111110101111111010101010101111101
1010101010000000100000100010101010100010001
1011111111111110111111101010111011101111111
1000000000000010000010001010100010000000001
1010101011111110111111101111101011111110101
1010101000100000001000000000101000100000101
1110111111111010111010101010111011111011111
1000100000000010001010101010100000001000001
1111111111101010101111111011101011111110101
1000000000001010101000000010001010000000101
1111111111111111111111111111111111111111111
