1111111111111111111111111111111111111111111
1000001000000010000000001000000000100000001
1110111010111110101111101011111110101111111
1000100010100000101010001000100010101000001
1010101010101111101010111110101110101011101
1010101010001000001010000000100010100010001
1010101111111011111011111110111010101110111
1010001000101000000000000010001000101000001
1011111010101111111111111111101010101111101
1000100010100000000000100010001010100010101
1110101110101111111011101010111010111010101
1000101010101000100010001010001010100010101
1010101010111010101110111011101010101110101
1010101010000010001000100010101010101000101
1011101010111011111110101110101010111010101
1000101010001000000000101000001010000010001
1110101011111111111111101110101111101111111
1000100000000010100000100010100000101000001
1111111110111010101111111011111110101011101
1000100010100010100010001000100010101000101
1010101011101110111010101110101010111010111
1010101000101000101000100010001000100010001
1110101110101010101111101011111110101111101
1000101000101010100000001010001000101010001
1011111011101010111110111010101111101010111
1000100000001010000010001010100000101010001
1010101111101011111011101010111010101011101
1010100000101010000010001010100010001000001
1010111110101110101110111010101111111011111
1010001000101000101000100010100000001010001
1011111011101011111010111110111111101110101
1010001010001000100010000010100000101000101
1010101010111110101111111010101110101011101
1000100010000010101000001000101000100010001
1111101111111010101110101111101011111110111
1010001000101000101000100000101010000010001
1010111010101010101011111110111010111011101
1000100010000010100010000010001000001000001
1010101111111011111110111011101110111011111
1010100000100010000000100000101000100010001
1011111110111110111111101111101011101110101
1000000010000000000000100000001000100000101
1111111111111111111111111111111111111111111
