1111111111111111111111111111111111111111111
1010101010101000101000100010101010000000001
1010101010101011101110101010101010111110111
1000100010001000000000001010001000001000101
1011101111101011111110111010111011101010101
1000000010001010001000100000000010001010001
1111111010111010101010101110111111101011101
1000000000000000101010100010000010001000101
1111111111111111111011111111111111111111111
1010001000100000100000000010100010000000001
1011101110101111111110111110111011101010111
1010000000101000100000000010100000001010001
1010111111101010101111101110111111111111101
1010001010100010101000100000101010100000001
1011101010101111101010101110101010111011111
1010000000000000100010100010100000101000001
1011101011101011111011101110111011101110101
1000001000101010100000100010100000100000101
1010111011101010111110101110111110111110101
1010001000101000000000100010101000000000101
1011101111111111111011111110101010101111111
1010000000001000100000101010100010101000001
1011101111111011101010101010111110101110111
1010000010001000101010001010000000101000001
1010111110111010111110101010111110101110101
1010100010000010100000101010100000100000101
1010101011101110111010101010111111111011111
1010001010001000100010100010100010100010101
1011111011101110111110111010101010111010101
1010000000001000100000001010101000000000001
1111101111111111111111111111101110101010111
1000001000101000100000001000101000101010001
1111101010101011111011111110111111111110111
1000101010001000101000001000100010101000001
1011101011111110101110101010101110101010111
1000000000100000001000101010100000001010001
1110111110101110101011111110101110101010111
1000001000001000100010001000100010100010001
1110111010101011101011101110111111101010111
1000101010101010101000000000100010001010001
1010101011111010101111111110101011101011101
1010001000001000100000001000101000001010001
1111111111111111111111111111111111111111111
