1111111111111111111111111111111111111111111
1010100010001000100000000010001000100010001
1010101010111011101110111010111010101110101
1000001000000000001000100000001010100000101
1110111111101010111111111111101010111110111
1000101000001010100010101000000010100000101
1111101011101010111010101110101111111011101
1000100010001010100000000010100010000000101
1110101110111111111110111010101110111110101
1000000010100010100000100000100010000010101
1011101011101010101111111111101010101111101
1000101000101000001010000000101010100010001
1111111010111111111011101011101111111010111
1000100010001000001000001000000000000000001
1010101111101110101011101111111011111110111
1010101010000000101000100000100000001000001
1010101011101110101110101110111011111110111
1010001000000010101000101010101010000000001
1111111010111010101111101011101110111111101
1010100010001010100000101000000010100010101
1010101111101110101110101011111110111010101
1010000010101010100010101000001000001010001
1011101110101011101110111110111110111010101
1000001000000010001000000010001010100000101
1110111110111010101111111110101011101010111
1000100010100010100000000010100000001010001
1111101110111111111111101110111110111010111
1000101000100010001000101010101000100010101
1110101111101111101011101011101011101111101
1010000000000010100000100010000010100010101
1010101111101110101010111011111110101110101
1000101000101000101010000010000000100000001
1110111010111011111110111011111011101111111
1010000010101000100010100000001010000010001
1011111010101011111010111011101011111010101
1010000010101000101000100000100010001000101
1011111011101011101110111011111011101011101
1000001010001010001010001000001010100000101
1011111010111011101010111011111010101010111
1000001000001000000000100010000010001010001
1110101010101111101010111110111111111011111
1000100010100000001010001000000000100000001
1111111111111111111111111111111111111111111
