1111111111111111111111111111111111111111111
1000000000000010000010000000001000001010101
1011111010111110101011101110101110111010101
1000001010001000101000100010101000000010001
1011111111111011111110101110101110111111101
1000100000001000100000101000101010001000001
1110111010101111101110101111111010101111101
1000000010101000100010001000001000100000001
1011111110111110111111101010101011101011111
1010100010000000100000001010101000101010101
1010101110111110101111111011111011111010101
1000100010001010101000001000001000100000001
1010101010111011101111101110111110111110101
1010001010000000000000000000000000101000101
1110111111111011111111111111111011101111111
1000000000001000100010000000101000001010101
1010111011101111111010101010101011111010101
1010100000100000000010101010100010000000001
1111111111111011111110111010111010101111101
1010000000101000100000100010000000101010101
1011111011101111101110111111101111101010101
1000001010000000101000000010100010101000101
1110111010111110101110111110101010101010111
1010000000000010101010001000101000100010001
1011101011111111111011101011101111101011101
1000001010000000001000101000001000001000101
1110111110111011101011101110111010111010111
1010000000100000101000001000001010001010001
1010111111111011111011101010111110111011111
1010001010000000001000101010100010101010001
1011111010101011111111101011101111101111101
1000100010101000000010001000001010001000001
1010101011111110111011111010101010101011101
1010101000000010001000000010100000101000101
1010111110101011101110111111101110111011111
1010000010101000001000100000100010100000101
1011101010101011111011111110111110101110101
1010001000101000001000001010000000001000101
1011101111111111111111101011101110101111101
1000101010000000100000000000100010101000001
1011101011101011111110111011101111101011101
1000101000001000000000001000101000000010001
1111111111111111111111111111111111111111111
