1111111111111111111111111111111111111111111
1000000010000010001000101010101010100000001
1111101111111010101011101010101010111011101
1000001000100010101010100000000000001010001
1010111110111010111010101111111111111111101
1010001000001000100000101000000000101000001
1110111110111110101011101110111111101010101
1000001000000010001000101010100000101010101
1110111110111110101111101010101111101110111
1000001000100000100010100000000000101010001
1110111110101111111110101111101111101010111
1010000010000010101010100010101000100000001
1010111110111110101010101110111110101111101
1000001000101000001000000010101000100000101
1110111110101111101011111110101011101111111
1010001000001000001000001000000000001000101
1010111110101011111011111011111111101011101
1000100010101010100010100000000000100000001
1110101111101010111010111011101110101110111
1000101010101000101000001010000010100010001
1110101010101011101011111011101111111010111
1000001010001000101000001000100010001010001
1110101011101011101011111011111110111111101
1000100000000000000000000010001000001010101
1010101111101110111010101010111010111010111
1010101000000010001010101000100010001010101
1111111110101011111110101111111011111010101
1000100000101000000010101000000000101000101
1110101110111011111110111011111011101110101
1000001000100000000010000000001000000000001
1011111010111011101110101011101010101010101
1010100010100000100010101000101010101010101
1110101011101110101011101110111011101110111
1000001000100010101000100010001000101000001
1111101011101110111011101110111011111111101
1000001010001000001000101010001000000000101
1011101110111110111111101010101010111011111
1000100010100000001000000010101010001000001
1011101111111010111110111011111110111111101
1010000000001010000010001010101010100000001
1111111010111110111110111010101010111111101
1000000010001000000010001000100000000010001
1111111111111111111111111111111111111111111
