1111111111111111111111111111111111111111111
1000000000000000000000000000000000000000001
1010111111111111101111111111111110111111101
1010000010000000000000100000000000000010001
1010101110101011101110111011101011101011101
1010100010101010000010001010001000101000101
1010101111111011101010111011111110101011101
1010100000001000101010001000100000101000101
1010111111101110101010101010101111101011101
1010100000001000101010101010100000101000101
1011111011101011111110111011101110111010101
1000001000101000100000001010001000001010101
1110101111111011101010111010111011111011101
1000101000000000101010001010100000100000101
1011111110101111101111111110101011101111111
1000000010101000000000001000101000100000001
1010101111101110111111101110101010101010101
1010100010001000100000000010101010101010101
1011111011111011101011101010101110101011101
1000001010000010001010001010101000101010001
1110101111101110101111101111101010101110101
1000100000100010101000000010001010101000101
1011101110111110111011111010111010111110101
1010000010001000001000001010001010100000101
1010111111111111111011101010111110111011101
1010000000000000100010001010100000001000101
1110111011101011111011101111101010111111101
1000100010001000001010000000101010001000001
1011111110111010101110101011111011111011101
1010000000001010100010101000001010000010001
1110111110101111101011101111111011111111101
1000000010101000001000101000000000001000001
1010111010111010101111101110101010111011101
1010001010001010101000000010101010100000101
1111101010101010101011101010101111101010111
1000001010101010101000101010100000101010001
1110101010111011101110111011101110101110101
1000101010001000100010100010000010100010101
1011111110111011111110111111111111111110101
1010000000100000000010000000001000000000101
1110111110111011101111101110101010111111101
1000001000100000101000001000101010100000001
1111111111111111111111111111111111111111111
