111111111111111111111111111111111
101010101010100000101000001010001
101010101010111010101111101011101
100000100000000010101000000000101
111110101011101110101110111010101
100000001000100010001000001010001
111111111011111111111111101110111
100010100010000000001010001000001
101010111011111011111010101011111
101000000000000000101000101000101
111110111110101011101010111110101
100010000010101000100010001000101
101111111010111111101110111011101
100010001010001000101000101000001
111010101010111011101010101011111
100010100010000000001010001000001
101110101110101110101110111011101
100000100010101000101010101010101
111010111111111011111010101010101
100010000010000000001000001000101
111011111111111111111111111111111
100000101000100000000000100000001
111110101011111011111110101111111
101010100000100010000010100010001
101010111110101111111010101010111
101000000000000010100010001000001
101011111011101110101010101010111
100000101010100010001010101010001
101111101010101111101111111011111
101000100000100000000010001000101
101010101111111111111010101010101
100010100000100000000010100010001
111111111111111111111111111111111
