111111111111111111111111111111111
100000001000101000101010001000001
111110101110101011101010111011111
101010100010100010000000001000001
101011101010111011101111111110111
100010001010101010001010001000001
111011111010101011101010111111101
101000101010100000000010001000101
101110101010111111101111101011101
101000101000100010101010000000001
101110101011111010101010101110101
101010100000001000001000101010101
101010111011111110111011111011101
100000100000101000100010101000101
111110111011101110111010101110111
101000000010100000000000000000001
101111101010101111101110111011111
101000101010000010100010101000101
101110101110111110101110101111101
101010001000000000101010001010001
101010111110111111101011111010111
100010001000101010100000100000101
111010111110101010111111101111101
100010101000101000000010001000001
111010101011101011101111101011111
100000100010101000101010100000001
101110101110101011111010101110101
101000000000000000000000001010101
111010101111101010111111111011101
100010100000101010000000000010101
101111101110111011101110101010101
101000000010001010000010101000101
111111111111111111111111111111111
