111111111111111111111111111111111
100010000000001000001000001010101
111011111110111110111110101010101
101000000000100010001010101010101
101110111110111010111010111010101
101000100000000000100010001000001
101011111011111110111010111110101
100000100010001010001000101000101
111011111110101011101011101110111
100010100010100000001010000010001
111110111011111110101011101110111
101000100000000000100000000000001
101110111111101011101111111111111
101000000000001010000010000000001
101111101110111011111010111011111
100000001000100010100000001000001
111111101010101010101110111010111
100000001010101010000010001010001
101010111111111110111010111010111
101010001000000000001010101010101
101111101111111110111110101011101
100010000010001000101010101010001
101111111111101010101010101010111
100010001010000010000010100000001
101111101010101110111011111011111
101000000000101000001000100010101
101110111011111010101111101010101
100010100010000010100000101000101
101110101110111011101010101110101
101000101000001000101010101000001
101111101110101011101111111010101
101000001000101000100010000010101
111111111111111111111111111111111
