111111111111111111111111111111111
100000000000000000000000000000001
101111111011111110101010111011101
100000100010000000101010001000101
101011111010111111101110101110101
101010000010100000000010101000101
101010111011101010111111101110111
101010100010001010000010001000001
101111101111111011101010101110111
100000100010000000101010101000001
101110101110101011101110101011101
100010101000101000101000101010001
101111101110101110111111101010111
101000000010100010000000101010001
111011101110111110111110101110101
100000100010100000100000100010101
101011101110101011111011101010111
101000100010101000100000101010001
101010101011111011101111111111111
101010101000100000100000000000001
101110101110101111111111111011111
100010100010100000000000001000001
101111101010111110101010111011101
101000001010100000101010001000101
101011101010111011111011111011111
101000101010100010000010000000001
101111101111101110101011111111101
100000100000100010101000000000101
111011111111111010111110111011111
100010000000000010100000100000001
101110101111111111101110111110101
100010101000000000000010100000101
111111111111111111111111111111111
