111111111111111111111111111111111
100010001000000000000010100010101
111010101111111110111010111010101
100000101000000000001010000000001
111011111110101110101111101111101
100010000000101010101010000000101
111011101110111011111011111110101
101010101010000000100010101010101
101010111011101011101010101010101
100000001010101000101000000000101
101010111010101011101111101110101
101010100000001010100000101000101
111110101011111010111010111110111
101000101000001000001010001010001
101110101111111111111011111011111
100010001000000000100000100000001
101110101011101110101110111011101
100010100000101000000010001000101
111011101111111110111011101010101
100000000000000010100010000010101
101110101110101110111010111110101
101000100010101000100010101000101
111110101110111110111011101110111
101000101000101000001010001000001
101111101010101111111010111011101
100000001010000010000000001010001
111110111111101111101111111110101
101000000000100010000010001000101
101111101011101111111111101011111
100000001000101000000000000000001
111011111011111010101110101010101
100010000010000010100010101010101
111111111111111111111111111111111
