111111111111111111111111111111111
101000001010100000101000101010001
101110111010111011101011101010101
100010101000101000100010100010101
101110101110101011101110111010111
101000001010000010100000001010101
101110111010101110111011111010101
100000100010101000001000100000101
101010111010111110101011101110101
101010100000100010100000001000101
111010101011101110111110101010101
100010101000101000100010101010101
111110111011101110111010111111101
100000000000000000001010000010001
111111111010111010111011111110111
100010100010001010001010001000001
111010111011111111111010111011111
100000000010101010001010100000001
111011101010101011101010101010111
100010001000000000000000001010101
101111111011111010111010111111101
101010101010001010001010000000001
111010101010111111111111101111111
100000000000000000000000100000001
101011111110101011111110111010101
101010001000101000000010101010101
111110101110111111111111101111101
101000100010100000001010101000101
101111111010101011111010101110111
101000100000101010101010100000001
101110111011101110101010101111111
100000000000000000000000000000001
111111111111111111111111111111111
