111111111111111111111111111111111
100000100000100000000000000000001
101011101110101011101111111111101
101010001010101000101000100000001
101010111010111110111010111111101
101010001010000000100010000000101
101011101010111111101111111110101
101010001000100010001000001000101
101010111011101010111011101011101
101010100000101010001010101010001
101110111111101010111010101011101
100010000000101010100010001000101
111011111110101010101110111110101
100000100000101000101000100000101
101110101110101111101011111011101
101000100010101000101000000010101
101011111011101011101111111110101
101010100010001000100010000010001
101010101110111010111010101110111
101000100000101010100010101000101
101110111111101010101110101011101
101000000010000010101000101000001
101111111110111110101111101111101
100010000000100010101000100000001
101010111111111010101010101111111
101010000010000010100010100000101
101011111010111110111110111110101
101010000010000010000010100010001
101010111111101011101010101111101
101010001000101000101010100000001
101011101010111010101111101111111
101000000010000010100000000000001
111111111111111111111111111111111
