111111111111111111111111111111111
100000000010101000101000100000001
101110101110101110101011111011101
101000100010000000100000100010101
101011111010111110101110101110101
101000100010100000101000000000101
101110101010111011111110101111101
101000101000100000000000100000101
111011111111111111111111111111111
100000000000001000000010000000001
111011111111111111101110111111111
100010000000001000000010000000001
101011111110111010101011111111101
101010000000001010101010000010101
111011111110111111101110111010101
101010000010001010000010100010001
101010101010111010111110101010111
100010101010001010000010101000001
111011101110111010111011111111101
100010101010001000001010000010001
111010101010101111111010111011101
100000000000100010000000001010101
111111111111101010111010111010101
100010001000101000100010001000001
101010111110101110111111111011111
101000000000001000000010000000001
111111111110111111111111111111101
100000000000001000000000000000001
111111101111111110111111111111111
100010000000001010000010101000101
111010101010111010101010101010101
100000101010001000101000000010001
111111111111111111111111111111111
