111111111111111111111111111111111
101000000000100000000000001000001
101011101110111110111110101011101
100000101000100010100010101010001
111111101011101010111010111010111
100000001000001010001010000010001
101111111111111011101011111111101
100000000010000010000010001000101
101111111011101111111110101010101
101000001010100000100010100010101
101111101010111110101010111110101
100000001010000010101000100010101
101111111011111010101111101110101
101000100010100010001000001000101
111010101010101111111011101011101
100010001000100000101000100010001
101111111110111110101110111110111
101000100010001000101000100010001
101011101011101011101011111010101
101010001000001000101000001000101
101010111111111110101111101011101
101010001000000010100010001000101
101011101111101010111010111111101
101000000000001010100010001000101
101111111111101110101111101010101
101000001000101000100000101010001
101011101011101011111010101011111
100010101000001010000010101000001
101110101111111010111110101110101
100000100010001010100010100010101
111110111010101010101011111011101
100000001000100010001000000000001
111111111111111111111111111111111
