111111111111111111111111111111111
100010000000001000000000001000001
111010111111101011111111101011101
100010001000101010000010101010001
101011101010101010111010101010111
101000100010101010001010000010001
101110111110101011101011111110111
101000100000101010101010000010001
101111101111101010101010111111101
101000100000100000001010000000101
101010101111111111111011111011101
101010001000000010001000101010001
101011111011111011101110101010111
101000000010001010000010001010001
101111111010101010111011101011101
100000001010100010001000101000001
111111101110111111101110101111111
100010101000000010100010100000001
101010101011111010111011111111101
101000001010100010001000000000101
101011101010101110111011111110101
101010100010001010001000100000101
101010111111111011101011101011101
101010000010001000101010001010001
101111111010101011101110101010111
101000001000101000000000101000101
101011101111101111111011101111101
100010001000101000001000101000001
111110111010101011111110101110101
100010000010101010000000101000101
101011111110101010111111101011101
101000000000001000100000000010001
111111111111111111111111111111111
