111111111111111111111111111111111
100000000000000000000000000000001
101010111110101011111111111110101
101010000010101000000000000010101
101010111010111110111011111010101
101010001010000010100010000010101
101011101010101111101011101011101
101000101010100000101010001000101
111010111011111011111111101111101
100010001010000000000000100010001
101010111111101010111111111011101
101010000000101010000000001010001
101010101011111011111110111011101
101010101000001010000000001000101
101011111011101011111010101110101
101000001010001000100010100010101
101011111110101011101011111011111
101010000000101000101000001000001
101011101110111010111110101111111
101010000010100010000010100000001
101111111010101011101011101111111
100000100010101000101000100000001
101011111111111011101011111110111
101010000000000010001000000010001
101010111010101111111011101111101
101010001010100000100000100000101
111010101110111110111111111110101
100010101000000010000000001000101
111110101011101010111010101010111
100000101000101010001010101010001
111011101110111110111010101110111
100010001000000010001010100010001
111111111111111111111111111111111
