111111111111111111111111111111111
100000000000000000001000001000001
101111111111111110111011101010111
101000000000000010001000100010001
101111111111101111101111111111101
100000100000101000000000100010001
111110101110101011111110101010111
100010101000100010000010001010001
101011101011111110111011111010111
101000001000000000001000001010001
101011111111111111101111101011101
101010000000000000100000101000101
101110111111111110111111101110101
101000100010000000101000001000001
101010101010111110101011111011101
100010101010000010100010001010001
111110101111111011111110101010111
100010100000000000000000101010001
101010111011111111111111101011101
101000100010100010100000001000101
101111101110101010101111111110101
101000100000101000100000000010101
101010111111101111111111111010111
101010000000000000000000001010001
101111111111111111111111101011101
100000100000001000001000001000101
111010101111101011111011111110101
100010100000101010001010001010101
101010111111101010101010101010101
101010000000001010101000100010101
101111111111101010101011111010101
100000000000100000100010000010001
111111111111111111111111111111111
