111111111111111111111111111111111
101000000000000000100010100000101
101010101011111110101010111010101
101010101010001000101000000010101
101011101010111110101010101111101
100000101000001000001010100000001
111011111111111111111111111111111
100010001000101000000000100000101
101010111010101010111110101110101
101000000010001010101000001000101
101111111111111011101110101010101
100010000000001010100000101010101
101111111110111010101011111110101
100010100000001000101000100000001
101110111011101110111110111110101
100010100010001000100000100000101
111010111010111010101110111010101
100000100010001010101000100010101
111010101110111011111111111111111
100010000010000010000010000010101
101011101111111011101110111010101
101010000010001010000010101010001
101110101011101010101010101011101
100010101000001000101010001000001
111011111111111011111011111110111
100000000000001010001010001010001
111111111110111011101010101010111
100000000000001010000000100010001
111110111111111010111010111111101
100010100010001010001010100000001
101010101010101011101110101011101
101000001000101010000010001010001
111111111111111111111111111111111
