111111111111111111111111111111111
100000001000101000001000100000001
101110101011101011101010101010101
101000101000100010000010101010101
101010101110101011111010111110101
101010101000101000001010000000101
101111111110101011111010111111101
100010001000001000001010100000001
101010101111111111101111111111111
101000100000000000000000000010001
111110111110111111111111111110111
100000001010001000000010000010001
111010101010111010101010101010111
100010101000000010101000101010101
111110111111111111111111111010101
100000101000000010101010100010001
111010101111111010101010101110111
100010001000100010000000100010101
111111101110111011111110101010101
101000001000001000100010101010001
101110101110101010101010111010111
100000101000100010001000100010001
111011111110111111111110101110111
100000001010001010000000000010001
101010111010111011101111111010111
101010001000000010001000101010001
111110111111101110111011101011101
101000101000101010001000100010001
101110101011101011101110111010101
100000001000000010000000100000101
101010101111111111111111111111101
101010101000000000000000000000001
111111111111111111111111111111111
