111111111111111111111111111111111
100000000000000000000000000000001
101111101010101011101111111111101
100000101010101010000000000000101
101110111010101111101110101010101
101000001010100000100010101010101
101010101010111010101110111010101
101010101010001010101000001010101
101110101110101010101011101111101
101000100010101010101000101000001
101110101011111110111010101110101
100010101010000000100010101000101
101010111110111011111011101010101
101010100000001010000000101010101
101110101011111110111010101011101
101000101000001000001010101010001
111010111011101110111011101110111
100010100000101000001010000010001
101110101010101010111010111011101
100010101010101010001010100010001
101011101011101010111111101111101
101000101010001010000000100000101
101010101011111110101111101010101
101010101010000000100010001010101
101011111010101010101011101011111
101010000010101010101000101000001
101011101110111111101110111010101
101010001000000000101000001010101
101011111010101011111010111111101
101010000010101000001010100000001
101110111110111011101010101110101
100010100000001010001010100010101
111111111111111111111111111111111
