111111111111111111111111111111111
101000100010100010101000100000001
101110101010111010101110111111101
100000101000000010101010000000101
101011101010101110101010101110101
101000001010100000000000101000101
101010111111101110101111101110101
101010100000100010100000101000001
101110111011101110111110111111111
101000100000000010100000100000001
101110101010101110111011101111101
101000101010100010100000100010001
101110111111111111101011101111101
101000100010100000101010100010001
101010111010101110101010101110111
101010000000000010101000000010001
111111111111111111101111111111111
100000100000100000000010000010101
111011111110101011101010101010101
100000101000101000101010101000101
101111101010111110111110111111101
100000000010100000000010000000101
101111111011111111111010111111101
100000100000100010001010101010101
101110111011111010111010101010101
101010101000100000000010000000101
101010101010101010101011111011101
100010100010101010101000000000101
111011111110111111111011101110101
100000100000100010000010100010101
111110111110111010101010101110101
100000100000000000101010000010001
111111111111111111111111111111111
