111111111111111111111111111111111
100010001000000010000000000010001
101110101111111011111110111010111
100000100010001010000000100010001
101111101010111010111111101110101
100010001010001010000010001000101
101110111011101011111010111011101
101000101000001000000010101010101
111011101011111111111110101010101
100010001010000000000010100000101
101111101010111111111010111111101
100000100010001000000010000000101
101110111111101011111011111110101
101010001000001000101000001010101
101011101011111110101111101010101
100010001000100010101000000010101
111110101011101010101011111110101
100010101010001000100010000010001
101010101010101111111110111011101
101000101010101000001000101000001
101111101010101011101011101111111
100000101010101010100010000000001
111110111010111010111111111010101
100000100010100010000000001010101
101111101110101111111110101010111
101000001010101000001000101010001
101011111010101010101011101111101
100010000010001010100010101000001
101110101011111110111110101011101
101000101000100010100010001010101
101111101110101010101010111010101
100000001000001000101000000010001
111111111111111111111111111111111
