111111111111111111111111111111111
101000100000001000100010100000001
101010111011101010101010101111101
101010000010100010101000101010001
101011111110111110111110101010111
101010001000100000100000100010001
101010101011101111101111101110101
101010101010001000100000001000101
101010101010111010111111101011101
100010101010001010000000101000101
111010111010101011111110111111101
100000100000100010000010000000001
101111111111111111111011101111101
101010000000000000101000001000001
101010111111111110101011111011111
101000101000001000101010001000101
101110101010111011101010101110101
100010100010001000100000100010001
111011111111101110111111111011111
100010001000100000100000100010001
101010101011111110101111101111101
101000101000100000100000000010001
101111101110101111111111111010101
101000100000001000000010001010101
101010111111111011111010101010111
100010100000100010001010100010001
111110101111101011101010111110101
100000100010001000001010100010101
111011111010111111111010101110101
100010001010000010000000100000101
101110101010111011111111111111101
100000100010001000000000000000001
111111111111111111111111111111111
