111111111111111111111111111111111
100010000000100000001000100000001
101110111110101111101010101110101
101000101000101000001010001010101
101011101011101011111011111010111
100010001000101000001000001010001
101111101110101111101111101011101
101000000010001000101000100000101
101110111111111010101010111110101
100010100000000010101010000000101
111010101111111110101011111111101
100000101000001000101010000000101
101111101110111011101010111010101
101000001000100010000010100010101
101011111010101110111110101110101
101010000010100010000010101000101
111010111010111011111011101011101
100010100010100010001000101010001
101110101110111110101110101010101
100010101010000010100010001010101
111010101011111010111011111010101
101010101000001010001010001010101
101011101011101010101110101010101
101000001010101010100000100010101
101111111010101010111111111110101
100000000010001010101000000000101
111011111110111010101011111111101
100010001000100010001000100010001
101110101011101111111110101010111
101000101000101000000010001010101
101011101111101011111011111010101
100000100000000010000000000010001
111111111111111111111111111111111
