111111111111111111111111111111111
100000000000000000000000000000001
101010111111111010111110101110101
101010001000000010001000101000101
111110101010101111111011111011101
100000101010101000000010000000101
101110111010111111101011111110101
101000001010100000001010000000101
101010101010101110111011111110101
101010101010101000100000000010101
101111101010111010101111101110101
101000001010001010100010001000101
111011111010111011101110111011101
100000100010100000101000001010001
101011111110101011101110101010101
101010000000101010000010101010101
101010111010111110101111101010101
101010001010001000100000101010101
101011101111101010111010101111111
101000100010001010001010100000001
111010101011111110111011111010101
100010101000100000100000001010101
111010101110111111101110111011101
100010100010000010000010100000101
101010101111101111111111101011101
101010100000100000100000001000101
111011101010101111101111101110111
100000101010100000100010001000001
101010101111101111101011111011111
101010101000000000101010000000001
101111111010111010101110101110101
100000001010001010101000101000101
111111111111111111111111111111111
