111111111111111111111111111111111
100000000010001000000000000010001
111011111010101011111011111011101
100010000000101010100010000000101
101111111111111010101111111110101
101000001000000000101000000010001
101011101011111111101011111011101
100000101010000010001000101000101
111111101011111010111110101110101
100000101000001010000010001010101
101110101111101011101111101010101
100010000000101000101000101010101
111011101111101010101010101010111
100010101000000010101010000010001
101110101011111110101011111111101
100010001010000010100010000000001
101011111010111011101110111111101
101000000010101000100010001010001
101111111110101110111011101010111
101000100000000010101010101010001
101010101111111110101010101011101
100010101010001000100000101000101
111110101010101011111111101010101
101000100010100010000000001010101
101011111011111110101111111010101
101010001000000010101000000010101
101010101111111010101011101111101
101000101000100010101010100000001
101111101010101111101010111111111
100010001010101000101010000000101
101110111110101010101010111110101
100000000000100010001000100000001
111111111111111111111111111111111
