111111111111111111111111111111111
100000100000001000100000000000001
111110101111101010101110111111101
100010100010101010100010101000001
101010111010101010111010101011111
101000100010101010000010101000001
101111101110101011111110101111101
101000001000100010000000100000001
101011111110111110111111101111111
100010000000000010001000100000001
101111101111111111101010111111101
100010001000000000100010100010001
111010101011111110111110101010111
101010101010000000000000101010101
101010111010111111111111101010101
101000100010100010000010001010001
101110101110101010111011101111101
100000101000001010101000100000101
101111101111111110101110111011101
101010001000000000100010001000001
101010111011111111101011101111101
100010100010000000101000100000101
111110101110101110101110111110111
100000101010100010101010001010001
101110101010111010101011101011101
100010101000001010101000101000101
101011101011111011101011101110101
101010001010001000101010000010101
101010111110101110101010101110101
101010001000100010000010101000101
101011101011111011111110101011101
101000000010000000000000101000001
111111111111111111111111111111111
