111111111111111111111111111111111
100010000000001000000010000010101
111011101110111111111010111010101
100010000010001010000000001000101
101111101111111011101110101111101
100010000010001000100010101000001
111010101010101011111110101011101
101010101010100010001000101010001
101010111011101010101111101011101
100000101010101000100010100000101
101111101110111110111010101110101
101010100000001010101010101010101
101010101110101011101010101011101
101000001010101000000010001000001
101110111011111010111111111110111
101000000010000010000000001000001
101111111011111010101110101111101
100000000010001010101000100010001
101111101010111111101011111010111
101000101010001000001000101000001
101011111011101010111011101111101
101000001010000010001010000000001
101011101011111010101010111011101
101010101010100010101010100000101
101010101010111011111110111111111
100010101000101010000000100000101
101110111110101011111110111110101
101000100000001000100000000000001
101110101110101110111111101111101
101010000010101000000010001000001
101010101010111010111011101010101
101000101010000010100000101010101
111111111111111111111111111111111
