111111111111111111111111111111111
100000001000000010001000100000001
111110111011111010101011101011111
100000000010001000101000001000001
101111111110111111101011111111101
100010000010000000100010000000001
111011101111111110111110111111111
100010000000001010000000100000001
101110111111101011111111101111101
100000001000001000000000001000001
111111111011111111111111111011101
100010000000000000000000100000101
111010111111101111111010111110111
100010100000101000101010100000001
101010101110111010101010101111101
101000100010001010100010100010101
101111111111101010111010101010101
100000001000100010001010001000101
101111111010111111101111111110101
100010001010000000101000100000101
111110101011111110101010101111101
100010101000001000101010100010001
101010101111101011101011111011111
101000100000001000101010001000001
101111111011111110101010101111101
100000101010001010100010100010001
111110101010101010111010111010111
100000101010101010000000100010001
101110101010101010111111111111101
101000101010101000100000100000001
101111101010101111111010101111101
100000001000100000000010001000001
111111111111111111111111111111111
