111111111111111111111111111111111
100000000000000000000000000000001
101110111110111011111111101111101
101000100000001010000000001000001
101111111010101111101110111010111
100010000010100000101000100010001
101011101110111010111110111011101
101010001000100010100000001010001
101111101111111011111011111010111
100000100000100010000010000010001
111011111110111111101011111010101
100010000000000010001000001010101
101011101010101111111111111010111
101010001010100000000010000010001
101111111111101110101010101011101
100000000000100010101010101000101
101111101110111111111010111110111
100000101000100000000010000010001
111110111010111110101111111010101
100000001010000010100000001010101
101010101111111010111011101110101
101010100000100010001000101000101
101110101010111110101010101111101
100010101010001000101010100010001
111010111010111111111011111011111
100010001010000000100010000000001
111010101011101110101011101010101
100010101000100010101000101010101
111011101110101110111010101011101
100010001000101000001010101010001
101111101011111011111110111110111
101000001010000000000010000010001
111111111111111111111111111111111
