111111111111111111111111111111111
100000101000100000000000000000001
101110101010111111111011111110101
100010100010100010001010000000101
111010111110101010101110111111101
101010000010001000100010001010001
101011111011111111111010101010111
100010000010100000001010101010001
101110111010101111101010101011101
101010101010000000101010101000101
101010101010111110101011101011101
101010100010100010101000001000101
101010111011101011101111111110101
101010001000001000100000001000101
101011101111111110111011101010101
101000101000000010001000101010101
101110101110111111101110101011101
100010100010000000000000100010001
111010111010111111111111111110111
100010100010100000000000000000101
101110101111101111111111111111101
101000100000101000001000000000101
101010111110101110101110101110101
101010000010101000100010101010101
101111111010101011111011101010101
100000100010101010000000001010001
111110101010101011111111111011101
100010001010001000001000000010001
101111111011111111101011111010111
100000001000000000101010001010001
101111101111111110101011101011101
100000100000000000001000001000001
111111111111111111111111111111111
