111111111111111111111111111111111
100010000010001000101000101000101
111011111010101011101010101110101
101000100000101010001010000000101
101010101111101010101111101010101
101010101000000000100000001010101
101110111111111110101111111111101
100000100000000010100000100000001
111011101011101110101111111011101
100000101010000000101010000000101
101010111110111110111011101111101
101010100000100000101000000000101
111110101110101111101110101010111
100000000010101010000010101010001
101111111110111011111010111111111
101010100010001010100010001000001
101010111011101010101011101011101
101000000010100010101010100010101
101111101110111010101010111110101
100000101000101000001010001000101
101011101110101010111011101010101
101000001000001010001010000010001
101110111011101110101111111011101
101010001000101010101000000000101
111010111011111010101111101011101
100000000000101010100000001010101
101111101011101010101011101110101
101000101000100010101010100000101
111011101011101010111110111111101
100000101010001000100010100000001
111011101110111011101110101111101
100000000010001000001000000000101
111111111111111111111111111111111
