1111111111111111111111111111111111111
1000000000100000100000100000100000001
1011111110111010101110101011101111101
1010000010100010100010001010000010001
1010111010101110111111101110111110111
1000100010000010100000101000100010001
1011111011111010101110101011101011101
1010000010001010100010001010001000001
1010111110111010111011101110111111111
1010100010001010100000101000001000001
1110101011101010101110101011101010101
1000101000100010100010101010100010101
1011101110111110111110101010111111101
1000100010000010000000101000000010001
1011111011111010111111101011111110111
1010001010000010001000100010000000101
1010101110111110111010111111111010101
1000100000100010001010101000000010001
1111111110101011101010101011111111111
1000001000101000100010100010001000101
1011101011101011101110111111101010101
1000101010001000101000100000000010001
1010101011111110101011111011101111111
1010100010000010101000001010000000001
1010111110111110101110101011111110101
1010100010100000101000100010001000101
1110101010101111101111111110111011101
1000101010000000100000001010100000101
1011101011111110111110101010101111101
1010001000100010100000101010101010001
1010111110111010111111101010101010111
1010000010001010000000100010101010001
1011111011101011101110111110101011101
1000001010001000100010000010100010001
1110101010111110111011111010111110101
1000100010000000001000001000000000101
1111111111111111111111111111111111111
