1111111111111111111111111111111111111
1000000000001000100000000000000000001
1011111011101110101111111110111110111
1010000010100010001000000010100010001
1010111110111011111011111010101111101
1010100000001000000010001010001000101
1110101111101111111110111011101010101
1000101000001000000000100010101010101
1011101111111010111110101110101010101
1010000010000010100000101000001010001
1011101010111110101111101011111011101
1000101000000010101000101010001010001
1010111011111110101010101110101010111
1010001010001000101010100010100010101
1011101110101011111010111010111110101
1010100000101000000010000010100010101
1010111111101111111111101110101110101
1000100000001000000000100000100010101
1111101111101011111110111111101010101
1000101000101010001000100000101010001
1110101010111010101011101110101011101
1010101010000010101000001000101000101
1010101011111110101011111011111110101
1000100000100000101010000010000000101
1011111110101111101110111111101111101
1010001000101000101000101000001000001
1010101111101010101011101010111011111
1000101000001010100010001010000010001
1111101011111010111111101011111110101
1010001010000010001000001010000010101
1010111010111011111010111011101010101
1010100010001010001010100010001010101
1010111011101010101010101110111011101
1010001000101000100010001000100010001
1011101110101111111111111011101110101
1000000000100000000000000010000000101
1111111111111111111111111111111111111
