1111111111111111111111111111111111111
1000000000000000000000000000000000001
1011101110111011111011111110111011111
1010001000001010000000001000001000001
1110111011101010111110101110111011101
1000001000101010000010100010100010001
1110101110101011111010101011101111101
1000101000101000001010101010000010001
1011101111101110101011111111101010101
1000100010000010101010000000001010101
1010111011111011101011101111101111101
1010100000001000101010000000100010001
1011101110111110101110111111111110101
1000101000001000100010100000000000101
1011101110101111111110101010101110111
1000100010101000000000101010101000001
1011101010101111111110111011101010111
1000101010100000000010001000101010001
1110101010111011101010111010111110101
1000101010100000101010100010001000101
1110101011101111101010111011111110111
1000101010000000101010001010000000001
1011101110101110101011101111111010101
1010000010100010101000100000100010101
1110111011111110111110101111101010111
1000001010000000001000101000001010001
1010111111101010111011101110101010101
1010001000001010100000100010101010101
1110111010111010101011101010101011101
1000001010001010101010001010101000101
1110111110101110111111111110111011111
1000000010100010000010000000001000001
1010101011111010101011101110111011111
1010101000100010101000101000001000001
1010101010111110101110111111111010111
1010101010100000101000000000001010001
1111111111111111111111111111111111111
