1111111111111111111111111111111111111
1010100010100000100010001000000010001
1010101010101010111011101011101111101
1000101010101010000010000000100000101
1110101110111111101110111111111111101
1000001000001000000000000000100000001
1011111111101010111010111111111011101
1010100010000010100010001000001000101
1010101111111111101111101110111011111
1000000010001000101010000010100000101
1011111110101110111010101110101111101
1010001010101000001010100010000010101
1011101010111110111011111010111110101
1000101010001000100010000000101010001
1011101011101010101111101111101010111
1000000000001010100010100010101010001
1110111111101110111010101110101010101
1000101000000000000000100010000010101
1110101111101111111010101110111011101
1000100000001010001010000010001010101
1011111110111011101111101110111110101
1000101000001010000000100000100010001
1111101011111011111110101111111011101
1010001010100000101000000000001000001
1011101110111011101111101111111011101
1000000000000000000000000000000010001
1110101111101111101011101010101111111
1000101000000010001010001010101000101
1011111111101111111011101111101110101
1010100000001010100000100010000000001
1010111010111010101111101011101111101
1010001010100000000010001000100000101
1110111011101110101111101010111011101
1000000010001000100010001010100010101
1010111111101010111111101110101010101
1010100000001010000010000010101000101
1111111111111111111111111111111111111
