1111111111111111111111111111111111111
1000000000000000000000000000000000001
1111111110111011101010111110111010111
1000000000001000101010100000001010001
1011101011101111101011111111111111111
1010001010000010001000000000000000001
1110101111101110111111101110111010111
1000101000000010000010001000100010001
1010101110101111111011101110111110101
1010101000101000000010000010001000101
1010101011101010111110111010101010111
1010101000101010000010001010101010001
1010101110111011101110111111101011101
1010100010001000101000100000001010001
1111101110101010101111111110111011101
1000001000101010100000000010100010001
1011101010111110101111111110111010111
1010001010001000100000001000100010001
1011101111111010111010101111101011101
1000100000001010001010100010001000101
1010111111111011101010111010111010111
1010001000000000101010100010001010001
1011101111111010111011111011111010101
1010000010000010100000001000001010101
1011101110101010101010111010111110111
1010001000101010101010100010001000001
1010101010101110101110111110111110111
1010101010101000101000001000001000001
1010101111101111101010101010101111101
1010101000001000001010101010100010001
1111101111101011101110111011101110111
1000001000001010000010001000101000001
1011101110101110111011101011101010101
1000101000101000100010001010001010101
1111111110111010111111111011111010111
1000000000001010000010000000001010001
1111111111111111111111111111111111111
