1111111111111111111111111111111111111
1000000000000000100000001000000010001
1011101011111010101110101011101011101
1000101000101010000010100010001010101
1110101010101111111110111111111110101
1000101010001000001000101000000010001
1011111111111011111110101110111010111
1000100000001000101010101000101010001
1010101110111010101010101110101010111
1010000010001010000000000000100010001
1011101111101011111111111111111111101
1000100010001000100010000000101010001
1111111111101011101010111110101010111
1010100000001000101010001010100010101
1010111110111110101011101010101110101
1010100010101000001010001000000010001
1010101110101011111111111011111111101
1010000010001000100010000000100010001
1010111010111010101010101110101111101
1000100000001010001010101000000010101
1010101110101111101110111111101110101
1010100010101000100000001000100010001
1111111110111010101010101110101111101
1010000000001010001010100000100010001
1010101010101011111110111011111010111
1000101010101000000010001000100010001
1111101111111111111111111011111111101
1000000000001010000000000000101010001
1111111111101010101110101010101010111
1000000000001000100010101010000010001
1111111111111110111111111111111111101
1010000000101000101000101000101010001
1010101011101011101010101110101010111
1000101010000000000010101000001000101
1010111010101111101010101111101010101
1010001000100000101010000000000010001
1111111111111111111111111111111111111
