1111111111111111111111111111111111111
1000000010000000000010000000100000001
1111101110111010111010101010101010101
1010000010001010100010101010001010101
1010111011101110111111111111111111101
1000001010001000100010001010100000101
1010111110111011101010101010111110101
1010000010101000001010100010100010101
1011111110101111111011101010101110101
1000000000001000000010001000000000001
1111111111111111101111111111101111111
1000000010001010000010100000000010001
1111101111101011101010101010111011101
1010100010000000001010001010100000001
1010101011111111101011111110101110111
1000001000000000101010000000100010101
1011111010111011101010101110111010101
1010000010101000101010100010100010001
1111111010101011101011111011111011111
1010001010001000001010000000101000001
1010111011111111101111101010101110101
1010001010001000001010001010100000101
1011101010101010111011111111101111111
1000000010101010000010001000100010001
1011101110101010111011101010111011101
1010000010100010001010001010001010001
1111101111111011111110111110101010111
1000000010000000000010001000100000001
1111111111111111111011101111111011111
1000100000100000100000101000001000001
1011101010111011111010101011111110111
1000001010100010100010001000000010001
1110101011101010101111101110111011101
1000101000001000100010001010101000001
1011111011101111101110101010101010111
1000100000100000000010100000001010001
1111111111111111111111111111111111111
