1111111111111111111111111111111111111
1010000000100010000000001000000000001
1010111111101011101111101111101111111
1010101000001000001000001000001000001
1010101011111111111111101010111110101
1000001010000000000000100010001000101
1011101010111011111110111110101011101
1010001000001000100000100010100010001
1011101111111110111011111010111010111
1010001010000010001000000010001010001
1010111010111011101111111111101111111
1010100010001000100010000000001000001
1010101111111010111011111110101011101
1010100010000010000010000010100010001
1010111010111011111110111011111110111
1010001000101000000010001000000010101
1011101011101111111010101111111010101
1010001000001010001010101000001000101
1110101111101010101010101111101011101
1000101000001010101010100000001000001
1011101011111010111010111111111110101
1000101000000010000010100000000010101
1010111111111111111110101111111010101
1010000000000000000010001000000010101
1111111011111111111011111110111110101
1000000010000000100010000010101000101
1011111111101110101110111010101011101
1000000010001000100000101010101000101
1110111010111111111111101010101110101
1010100000000000001000101010100000101
1010111111111011101010101010111111101
1000001000001000100010100010000000101
1111101110101110111110111010111110111
1000100010101000100010100010100010001
1011111010101111101010101111101011101
1000000010100000001000100000001000001
1111111111111111111111111111111111111
