1111111111111111111111111111111111111
1000000010000000001000001000000000001
1010111010111110101011101011111011101
1010100010001010100010001010100010001
1110101111101010111111101010101110111
1000100010001010000000101000101000001
1011111110111011111110111110101111101
1010000000100010000010000010100000101
1010111111101011101011101010111110111
1000100010001000101010001010100010001
1011101010111110101010111110111011101
1000101010100000101010000000100010101
1110101010111011101011111111101010101
1010001010001000001010000000001000101
1011111011101111111011101111111110101
1000001000100000001010001000000010101
1011111110101111101010111011111110101
1000000010101000001010101000100000101
1111111010111011111010101010101111101
1000000010001010000000100010000000101
1011111011101010111111111111111011101
1000001010100010001000100000001010001
1011101010111110111010101111101110101
1010101000100000100010001000100010101
1010101110101111101111111011111010111
1000100010100000101000100000001010001
1110111010111011101011101110101011101
1010101010100010001000101000101000001
1010101011101110111010101011111111111
1010001000001000100010001010000000101
1011101111111011111110111010101110101
1000100000101000100010001000101000101
1011111110101111101011111111101011101
1010000010100000001000000000101010001
1010111010111011111111111110101010101
1000001000000010000000000000001000101
1111111111111111111111111111111111111
