1111111111111111111111111111111111111
1000100010000010100000001000001000001
1010101010101010111011101011111110111
1010001000101010100010000000000010101
1111101111111110101110111110111010101
1000000000100000001010100000001000001
1010111011101010101011101110101111111
1010100000101010101000000010101000001
1010101110111010111011111110111010101
1010100010101010001010001010101010101
1010111110101111111110101010101110101
1010001000000000001010101000000000101
1110111011111010111010111111101111111
1000001000101010101010100010001000001
1110101110101110101010111010101110101
1010101000001000000010001000100000101
1010101110111011111111101010111111101
1000101000101000001010000010001000001
1110111111101110111011111111111011111
1000001010101000001010101000101010101
1010111010101010111010101110101010101
1010101000001010000000001010100000001
1110101011101110101010101010101111111
1010101010000000101010101000100000101
1010101111111111101111101010101110101
1000000000001000000010000010001000001
1111111011111111111111111011101011101
1010000000000000001000000010001010001
1010111110111110111011101111101110111
1000100000101000001010101000001000001
1110101111101011101110101011111111111
1000100010100010101000001000001000001
1011111010101110111110111011111010101
1000100000100010001000001000000010101
1110111111101010111010111111101110111
1000001000001000100010000000101000001
1111111111111111111111111111111111111
