1111111111111111111111111111111111111
1000101010000000000010001000101000001
1110101011111110111011101011101110111
1000100000000010001010000010001000101
1010111110111010111110111110111110101
1010000010001000100000101010000010001
1110111010111011111011101010101011101
1010001000001000100000001000101000101
1010111111111011111011111111111010101
1000001000100010000000101000001010001
1011111110101110111011101110111111101
1010100010000010001000000010001010101
1010101011101111101111101111101010101
1000001010100000000000100010000010001
1011111110111011111011111111101010111
1010001000000000101000000000001010101
1011101011101010101011111011111010101
1010001010001010100000100000100000001
1111101011111110101110101010111110101
1000101000100000100010101010100000101
1010101011111110111011101011111111111
1010000010100010100010001000001000001
1111111010101110101110111110101111101
1000000000001010101010001010100010001
1110111011111011111011111011101111101
1000001010000000101000000000001000101
1010111111111010101111111110111010101
1010100010100010101010000000000010001
1011101110111011101010111111111010101
1000001000000010101000001000000010101
1011111111101010101011111010111111111
1010100010001000000010100010000000101
1010101110101011111010101011111110101
1000100000101010001010101010100000001
1010101011101011101010101110101111101
1010101000101010000000100000100010001
1111111111111111111111111111111111111
