1111111111111111111111111111111111111
1000100000100000000000101000000000001
1010111010101110111110101011111111101
1010000010100010100010100000100000101
1011111110111110111010111110111110101
1000100010000010100010000010100010101
1010101011111010101111111010101010101
1010101000000010101000100010001000101
1010111011111010101010101111111011101
1010001010001000100010100000100010001
1111101110101111111010111110111110111
1000001000100000001010100010000010001
1011111011111111101010101011111010101
1000000010000000101010001000001010101
1011111110111110101011111111101010101
1010000010000010101000000000100010101
1010111011111011101111111110111111101
1010001000001000100000001000100000001
1010101111101110111111101110111110101
1010100000100000000000100010000000101
1010111110111111101111101011111111101
1010100010100000101000101010000000101
1011101010101110101010111011111010101
1000001000100010101010000010000010101
1111111011111010111011111110101111101
1000001010000010001000100000101000001
1011101010111111101110101110111011111
1010001010101000101000101000100010001
1011111010101010101011101111101111101
1000001010100010001000101000100010001
1011101010101111111110101010111010101
1000100010100010000010100010001010101
1110111110111011101010111110101010101
1000100010001000001010000010100010101
1011101011111111111011111010111110101
1000001000000000001000000010000000101
1111111111111111111111111111111111111
