1111111111111111111111111111111111111
1000001010100010000010101000100000001
1110111010111010101010101011111011111
1010000010001010101010100000100010001
1011101111101010111110101111111010111
1000000000000010100010100010000010101
1010111110111010111010101111111010101
1010001000100010101010000000101010001
1011111011111010101010111111101010101
1010100010000000000000000000000000101
1110111110101111101011111110101111111
1000000000101000001000001000100000001
1111111110111110101011111111101011101
1000001010100000101000101010001000101
1111101011101011101110101011111010101
1010000000101010001000100000101010101
1011101011111111101111101110101111101
1010001000000000101000000010000000101
1010111010111110101010111010101011101
1000100010101000000010001010101000101
1010111111101110111010101111111111111
1010101000000000001010100010000000001
1111101111101011101111101110101110101
1000000000001000100000100000100010101
1110111011101011111011111010111111101
1000100010101010000010001010100000101
1011111110101010111011101010101111111
1000100000001010100000001010000010101
1011111111101010111111101010101010101
1000101010001010001000101010101000001
1011101011111110101110101111101010101
1010100000001000101010100000101010101
1110101110101110111010111110111010111
1000001010100010000000000010100010001
1111101011101110101110101110111111101
1000001000000000101000100010001000001
1111111111111111111111111111111111111
