1111111111111111111111111111111111111
1010001010001010001000000000101010001
1010111011101010101011111110101010101
1000101010000000100000101000001000101
1011101010111111101111101011111011101
1000100000100010001000100000000010001
1110101011111011111110111011101010101
1010001010100000001000101010001010101
1011111110111110101110101011111011111
1010100010000010100000001000001000001
1010111011111011111010111011101111101
1000100000000000000010100000100000101
1110101110111011101111111110111010101
1000000010100000100000001010001010101
1011101111111011101111101010101011101
1010000010101000101000100010101010101
1111111110101010111011111010111010101
1000001000000010000010100000101000101
1010101011101110111010111011101011111
1010100010001010100000100000001000001
1111101110111011101111111010111011111
1000101010100010000000001010001010001
1011111010111010111111111110111110111
1000001010100000100010000000100000101
1111101011101110111011101110101011101
1000100010000010101000100010101000001
1011111011101111101110111010101011101
1010000010001000001000000010001010101
1010111011111111101110111011101010101
1010001010101000001000101000101010001
1011111010101010101010101111111111111
1000001000000010100010001000000000001
1110111011101011111011111010111011111
1010100010001000100000000010001000001
1010101110111110111111101011101110101
1000000010001000000000101010000010101
1111111111111111111111111111111111111
