1111111111111111111111111111111111111
1010100000001010101000001000000000101
1010111110111010101110111011101111101
1000001000000010001000101000100000001
1110101110111110111011101011111111101
1000100010000010000000001010101010101
1110111110111110111110111010101010111
1000000000000000001010000000000000001
1111101010101010101010111010101111101
1000001010101010101000100010100000101
1110101011101011111110111110111111111
1000101010101000001010101010101010001
1110101010111010111011101011101010111
1010101000100010000000000000101000001
1011101010111110101110111111101110111
1000001010001000101010000000000000001
1010101110101111101011101010111110111
1010100010101000000000101010000010001
1011101111111111101011111110111011111
1010000010100010101000001010001000001
1111101010111010101111111010101111101
1000001010000000000000000010100010001
1110101111111010101010111011111011111
1000101000000010101010001010000000001
1111101011101011101110111111111011101
1000001010101000100010000000101010101
1011101010111011101111101011101110101
1010101010000000100010001000100010001
1010111110101010111010101111101111101
1010000000101010100010100010000010101
1110101110111110111011111111101110111
1000101000100000101010101010000000101
1110111111101010101110101011101010101
1000100000001010001000000000001010001
1111101110101010101011101110101110111
1000001000101010100000101000100010001
1111111111111111111111111111111111111
