1111111111111111111111111111111111111
1000000010001010001000100010101010001
1111101111101010101011101110101010111
1000000010001000100000000010000010001
1110111110101011111110101011101111101
1000100010101000001000101010101000001
1110111010111011111110111010101010111
1010000010001000001000100010100010101
1010101110111111101110101010101110101
1000100010001000001000101000000010001
1110111010111111111111111111111110111
1000100000001010001000000010100000001
1110111111111011101110101110101110101
1010100000101000001010100010100010101
1010101010101011101010101110111110111
1000001010101010000000100010000010001
1011111011101111101111101110101010101
1010100000001010101000100010101000101
1010111010101010101010111010111110111
1010000010100000000010100000101010101
1110111111111111101110111010101010101
1010001010001000001000100010100000001
1010101010111111111111111110111111111
1010100010001000000000001000001010001
1010101110111111111011111011101010101
1000100010001000100010001000100000101
1011111110111011101111101011111111101
1000000000001000100010000000100000001
1110111110111010101111101110101010111
1000000010001010000010001000101010001
1111101111111011101110111111111110111
1010000010101000100000101000001000001
1011101110101111101110101010111010111
1000001000101000001010001010001010001
1011101010101010101011101010111010111
1010000010001010100010001010000010001
1111111111111111111111111111111111111
