1111111111111111111111111111111111111
1000100000001010000000000000101010101
1011101010101010111111111111101010101
1000101010100010100000101010101000001
1011111111101110111110101010101011101
1000100000100010000010100000101010001
1110111011101010111010111110101110111
1000100000101010100000100000000010001
1110101011101010111011111011101011101
1000101000001010100000000000101000001
1110111111101110101110101110101110111
1000101000100000100010100010101000001
1011101010111010111111111011101110111
1010100010000010100000000000101000001
1010111111101111111111111111101110101
1000001000100010100010001000101000101
1110101010111010101010111110101111101
1000100010100010101010001010101000001
1011111011111010111010111010101011111
1010101000101010000000001000101000001
1010101110101010101011101110101110111
1000100000000010101010000000101000101
1011101010111011111110111011101110101
1000101010100000001010101010101000001
1110111011101111101010101010101111101
1010100000100010000000001000101000001
1010111111111111111111111111101111111
1000100000001000000010101010100010101
1110101110101011111010101010111010101
1000101000101010100000000000100000001
1011101011101010101110111110111011101
1000101000100010000010100000000000101
1110111111111111111110111111111111111
1000100010100010000000101000100000101
1110101010101010101010101010101010101
1000101000001000101010000010001010001
1111111111111111111111111111111111111
