1111111111111111111111111111111111111
1000101000001010001010100010100000101
1011101111101010111010101110111110101
1000100010100010101000001000001010001
1011101110111010101110101011111010101
1010100000101000001000100010001000101
1010111011101011111011111010101011111
1010100000001000000010100000100010001
1010111111101010111110111011111111101
1000101010000010100000101010100000101
1110101010101010111010101010101011101
1010101000101010100010001010001000001
1010101111101011111010111110111111111
1010100010101010100010000000000000001
1010101110101110101111111011111011111
1000000000100000000000001000101010001
1111101111101011111010111111101010101
1000001000001010000010100000000010101
1010111110111110111111111111111010111
1010000000100010100010100000001000001
1010111011111010101010111010111011101
1010001010100010101000000010101000101
1011111010101111101111101110101010101
1000100010000000000010001000001010101
1111111010111011101111101111111110111
1010000000001010000010000000100000101
1010101110111011101011111110111110101
1000101010100000101010000010100010001
1011111011101110111010101011111010111
1000100010001010101010101000000010001
1010111011111010101111111111111010111
1010100000001010000000100010000010101
1110111010101010111111101011101010101
1000100010100010100000101000001000001
1010111110111011111010101111101010111
1010000000100000000010100010001010001
1111111111111111111111111111111111111
