1111111111111111111111111111111111111
1000000010000000100000000000101000001
1011111010111110111111111110101011101
1000100010000010000010000010101000101
1111101111111011101010111110101010101
1000101000000010101010000010101010101
1010101011101110101110111010101110101
1010000010001000100000100010100000101
1011111110111010111011101110111011101
1010000010100010100010100000100010001
1010111110111010101110111111111110111
1000100010100010101000000000100000001
1011101010101110101011111010101111101
1000101000101010101010000010100010101
1110101111101010101110101110111010101
1010101000001000000000100010000010001
1010101011111111111111111111101111111
1000101010001000001000000000101000001
1111101011101011101011111110111011101
1000001000101010001010000010001010101
1011111110101110111010111011101010101
1000001000001000100010001010001000101
1110101111111011101111101010111111101
1010100010000010001000101000100000101
1010111110101110111010101111101110101
1010001000100010100010101000001010001
1010101011111010101110101110111011101
1010101000101010001000100010000010001
1011101110101011111011111011111110111
1000000010100010000010000010000010001
1111111010111110111011101110111011101
1000100010000010001010001000001010001
1010111011111011101010111111101010111
1010100010001000001010000000101000101
1010101110101111111011111011101011101
1010000000100000000000001000001000001
1111111111111111111111111111111111111
