1111111111111111111111111111111111111
1000000000000000000000000000000000001
1111111110111110111111101011111011111
1000000000000010100000001000001000001
1010101010111011101011101011111011101
1010101010001000101000101000001000101
1011111011101011101010111010111111111
1000001010001010001010001010000000001
1010111011101010101011101110111010111
1010100000101010101000101000001010001
1011111110101011101111101010101111101
1010000000101010001000001010101000001
1010101010101110101010111011111010111
1010101010100010101010001010000010001
1010101110101110101110101010111111101
1010100010101000101000101010000010001
1010111011111010101010101111111010101
1010001000100010101010101000000010101
1110111110111011101010101010111011101
1000100000001000101010101010100000101
1010101011111110111110101011101010101
1010101000000010001000101010001010101
1010111110101111101010101010101010111
1010001000100000101010101010101010001
1011101010111111101111101110111010101
1010001010000010000000100010100010101
1111101010111111101110111011111011101
1000001010001000000010001010000000101
1010101010101010101010101110101011101
1010101010101010101010100010101010001
1011111111101110101111101110101010111
1000000000101000101000000010101010001
1011101111111010111111111010101010111
1000100010000010000000100010101010001
1111111110101011101110111111101111101
1000000000101000101000100000001000001
1111111111111111111111111111111111111
