1111111111111111111111111111111111111
1000000000101000001000100010100000101
1011101110101011101011111010111010101
1010001010001010000000100000101010001
1010111011101010111110101111101011101
1010000010001010001000101000100010001
1011101110111011111011101010101111111
1010000010001010101000101010101010001
1110111110111010101110101011101010101
1000000010000000101000000000100000101
1111111111101011101011111110111111101
1000100010101000001000100000000000001
1010101010101011111011111111111011111
1010001000001000001000100000000000001
1111111111111111111111111111101111111
1000100010101000100010101010001000101
1110101110101110101010101011101011101
1010101000001000101000000000000000001
1010101010101110111111111011111111111
1000000010101000100010001000100010001
1011111011111110111010111110101111101
1000101010000000100000001000000010001
1110101010101011101010101011101011101
1000100000101000001010101000101010001
1011111110101110101111101111111010111
1000100000101000101010000010000000001
1111111111111110101010111011111010111
1000100010001000100010001010100010001
1010101010101110111010111010101111101
1010001010100000100010001000000010001
1011111011101110101111111111101111111
1000100000001000100010000000100000001
1110111111111111101010101010101010101
1010001000100000101010101010101010101
1010101010101011101110111010101110111
1000100010001000100010100010000010001
1111111111111111111111111111111111111
