1111111111111111111111111111111111111
1000001000100000100010000000101000001
1111101011101011101110111110101010111
1000100000001010001000100010100010001
1010111111101010101011101010111111101
1010100010001010100010001000100000001
1110101010111010111110111111101111111
1000101010001000100000001000101000001
1010101011111011111011101010101011101
1010101000001010000010001010101010001
1011101111101011111110111010101010111
1000100000100010000000100010100010001
1110111110111110111111101110111011101
1000100010000010001000100010000010101
1011101010111111111010101011111110101
1000101010100000000010001000001000101
1110101010101111111111111111101110101
1000001010100000000000100000100010001
1011111010111111111110101011111011111
1000001000001000000000101010000010001
1111101111101010111110111010111110101
1010000010001010100010100010001000101
1010111011111110101011101110101111101
1000101010000000101000100000100000101
1011101010111111101110111111111110101
1000100010000010001000100010000010001
1111101111111010111011101010101111111
1000101000100010001000001000100000001
1010101010101111101111111111111011101
1010100010100010001000100000100010001
1011101110111010111010101110101110101
1010001000101010100010001000101000101
1010111011101010101111111010101011111
1010001000001010100000001010001010001
1011101111111010111111111011101011101
1000000000000000100000000010001000001
1111111111111111111111111111111111111
