11111111111111111111111111111111111
10000000001010001010001010000000001
11111011101011101010111010101010111
10000010100000000000000010101010001
11111110101110101110111011101111111
10000000101000101000001000000000001
11101010111110101011101010101011111
10001010000000101010001010101000001
10111011101110111110111111111011111
10100000101000001000100000101000001
11111011101011101010101010101010111
10001000101010001010001010100010001
11101111111111101010101011111011111
10000010000000001010101000001000001
11101011111010101010101010101010111
10001010100010101010101010101010001
10111010111010101010101110111110101
10100000000010101010101000100000101
10111011111011111010111011111110101
10100010100000101010001000100000101
11101110101010101110111011111110101
10101000001010001000001000001000101
10111011101010111011111011101011101
10000010001010001010000010001010001
10101110111110111110111011111110101
10100010100000100000001000001000101
11101111111011101110111110101110101
10000010000000100010101010101000101
10111011101011101110101010111011101
10100000101010001000001000101010001
10111011111011101111101010101011101
10100010000000100010001010101000101
11101011101111101010101110101110111
10001010001000001010101000100000001
11111111111111111111111111111111111
