11111111111111111111111111111111111
10000010000000000010101010001000001
10101110111111111110101010101110111
10100010000000000000000000101010001
10101110111111111111111111101011101
10100000000000000010001000001000001
11101110111111111011101010101110111
10001010000000001010001010101000001
10101011111011111010111010101011101
10100010000010001010000010101000101
11101110111110101011111110111011111
10000010000010101010000000001000001
11101110111110111011101111111011111
10000010000010101010001000001000001
10101010101110101010111011111011111
10101010100000001010000010001010001
11111111101111111110111010111011101
10001000000010001010001000001000001
11101011101110111011101110111010111
10000010000010001010001000001010001
11111010111010111011101111111011111
10000010100010000010001010101010001
10111010111010111110101010101010111
10100010100000000010100000001000001
11111111111111111011111111111110111
10100000101010000000001010101000001
10111010101010101011101010101011111
10100010000000101000101000101000001
10111011111010111011111010101111101
10000010000010001000000010001000001
10101010101110101110111010101110111
10101010100010101000001010100010001
11111111111110111111111111111010101
10000000000000000000000000001000101
11111111111111111111111111111111111
