11111111111111111111111111111111111
10001000001010000010001000101000101
11101011101010111110111010101011101
10001010001000001010001010101000001
11101111101110111010111011101010111
10101010000000001000000000100010101
10101011101010111010111111111011101
10000000101010000010100000001000001
10101011101111111111101111111011111
10101010001010101010101000000000101
11111010101010101010101110101110101
10001010100010000000000010100010101
11101010111111101011111111101111101
10001000101000001010100010000000001
11101011101110111110101111101110101
10000000100000101000000000000010101
10111111101111101010111111111011111
10001000101000100010001010101010001
10111010101011101110111010101110111
10101010000000001010101000001000001
10101111101110111011101011101010111
10100000100010001010001000101010001
10111011101111111010111011111110111
10101000000000100010000000101000001
10101011111010111010111010101110111
10000010101010100000001010000000001
10111010101111111011111111101110111
10100000001000100000101000101010001
11101010101011101111101011101011101
10001010100010001000000000100010001
10101111101010111110111111111110101
10100000101000000000000000000010101
11101111111110101110111010101011111
10000000100000101000001010101000001
11111111111111111111111111111111111
