11111111111111111111111111111111111
10100000001000000010100010001010001
10101011111111101110101011101010101
10001010001010100000001010001000101
10111010111010101111101111101011101
10001000000000000010000010000000101
10111011111111111011101111111110101
10001000001010100010100010000000101
10111110111010111010101111111110111
10001000001000000010101000000000001
11101110101111111010101011101010111
10001000101000000010000010001010001
10101111111111111110111111111111111
10101010000010000010001000000000001
11101010111110101011101111101111111
10001010000010101000001010101000001
11101011101110111110111010101010101
10001010000010001000101000001010101
11101010101010111110101111101011101
10001000101010001000001000001010001
10111111111011111110111110111011111
10001000000010100010001010001000101
11101110111010101010101010101011101
10001000101010001000101000100000101
10111010101011111110101110101110101
10001010100010100000101000101000001
10111111101110111010101111111110111
10001000000000000010101000000010001
10111011101111111011111010101010101
10001010101010000000100010101000101
10111010101010101010101110101010111
10001010000010101010001000101010001
11111111111111111111101111111111111
10000000000000000000000000000000001
11111111111111111111111111111111111
