11111111111111111111111111111111111
10000000000000000000000000000000001
10111010101010111010101011111011111
10001010101010100010101000001000001
11111011101010111011111011111011111
10000000101010100000001010000000001
11111011111110111011101110111010101
10000000001000100000100010100010101
11101011111010101110111111101111101
10001000100010101000000000100000101
10111110111110101111101111111010101
10000010001000100000101000000010101
10111111111111111010101111111111101
10000000000000001010100000100000001
10111011101010101110111011111010101
10100010001010101000001010000010101
10111010111110101011101010101111101
10100010100000101010001010101000001
10111111101111101011111010101110111
10001000000000101010000010101000001
10101110111111111010101010101010101
10101000000000100010101010101010101
10101011101110111111111011101110111
10101010000010000000100000101000001
11101011111011111111101010101010101
10001010000010000000001010101010101
11111010111111111110111110101110101
10000010000010000000100000100010101
10101110101111111011101111101010101
10101000100010000010000000101010101
10111010101110111010101010101010101
10001010100010001010101010101010101
10101110101010101110101011111011101
10100010101010100010101000100010001
11111111111111111111111111111111111
