11111111111111111111111111111111111
10000000000000000000000000000000001
11111011111110101110111110111010111
10000000000010100010100000100010001
10101011101111111111101010101011101
10101000100000000010001010101010001
10101110101010111111101111101110101
10101000101010000000100000101000101
10111010111011111010111010101010101
10001010001000001010100010101010101
11101110101111111110111111101011101
10000010100000000010000010001010001
10101111101010111110111111111010101
10101000001010100000100000000010101
11111011101010111010101111101010111
10000010001010100010101000001010001
10111110101011101011101111101010101
10100000101010001000100010001010101
11111110111010111110101111101110101
10000000001010100000100000101000101
10111111111111111010111011101111101
10000010000000000010001000100010001
10101110101010101011101010111010101
10100010101010101010001010001010101
10111111111111111111111010101111101
10000000000010000000000010100000101
10111010101111101110101111101011111
10001010101000001000101000001000001
10101010111011111010111111101110111
10101010100000100010100000000010001
10111011111010101011101110111110101
10001010000010101010001000000010101
11111011111111101110101110101011101
10000000000000101000101000101000101
11111111111111111111111111111111111
