11111111111111111111111111111111111
10001010000000000010000010100000101
11101010111110111111101010101011101
10001000001000101000101000001010001
10101110101111101110111011101111101
10101010100010001000101010101000001
11101011111010101011101010111111101
10100010001000101000000000001000001
10101111101011101110111010101011111
10101010000010001000101010101000001
10101010101111101110101010111011111
10100000100010000000001010001010101
10111111101110111111111111111010101
10000010100010000000100010100000101
10111010111011111011111010101011101
10100000101010000000100010001000001
11111011101110101011101111111011111
10001000000010101000100010000000001
10101110111011111010111010111011111
10101000100010000010100000001010101
11101111111011111110101110111110101
10000000000000001010001000000000001
10101111101011101010111011111010101
10100010001000100000001000100010101
11101111111011101110101111111110111
10000000101000100010101000100000001
10101110101111101110101011111011101
10101000001000100010101000100000101
10111011111110111010101010101111111
10001000100000001010101010000000001
11101110111011111111111011111011101
10001000001000101010101010100010001
10101110111110101010101010111011101
10101000000000001000000010000000101
11111111111111111111111111111111111
