11111111111111111111111111111111111
10000000000000000000000000000000001
11101010111011111110111111101010101
10001010100000001000000010001010101
10111011111111111111101011111111101
10001010000000000000001000000000101
11111110101110111110101111111010111
10000000101000001000100000100010001
10101110111111101010101111101110101
10100010100000001010100000100010101
10111010111111111111101111101010101
10100010000000100000001000001010101
10111110101010101010101011101110101
10100000101010101010101010000010101
11101111101011111010101010101110111
10000000101010000010101010101000001
10111111111110111011101110101010111
10000000000010001000101000101010001
11111110101110101011101110101110101
10000000101000101010001000100010101
10101011111011111011101111111011111
10101010000010000010000010000000001
11111011111110111011101111111011101
10000010000000001000101000000010001
11101110111011111111111011111011101
10000010100000000000001000100010001
10111010111011111010111110101111101
10001010001010000010000010101000001
10101111111110111010111011111011111
10100000001000100010001010000000001
11101110111010101010111010111010101
10001000100010101010100010100010101
10101110101011101110101011101010101
10101000101010001000101000101010101
11111111111111111111111111111111111
