11111111111111111111111111111111111
10000000000000001000101000100010001
10111011101110101011101011101110111
10001000101000100010101010000010101
11101011111011111010101010111010101
10101000001010100000100000101000001
10101011111110101110101011101011111
10001000000000101000001000101000001
10111110101011111111111111101110101
10001000101010000010001000001000101
11111010111111111011101110101011111
10001010100010001000001000100010001
11101110111010101011111110111110111
10100010100000100010000010001000101
10111010101011111010111010111010101
10001000001010101010100010100010101
10101011101010101111101110101010101
10100010001000000010000010001010001
11111111101111101110111011111011111
10000000100010000000001000001000001
11101110111111111111101110111111101
10001010101010000010100010100000101
10101010101010111110101111111011101
10101010000000100000000000100010101
11111010101111111111101111111010111
10100000100010100000101010001010001
10111111101110101111101010111011101
10100000001010100000100010000000001
10101010101010101111101010111110111
10001010101010000000001000001000001
10101011101011101111111111101111101
10101010101000100010000000100010101
10111010101010101111101111101010101
10100000100010000000001000001000101
11111111111111111111111111111111111
