11111111111111111111111111111111111
10000000100010000010000000100000101
11111110101010111010111110101110101
10001000101000100010001010100010001
10101011101111101111101010111011101
10100000100000100000101000100010001
10111110101110111110101011101010111
10101000100010100010101010101010001
10101011101011101010111010101111101
10001010001000101000100000101000101
11101010111110101111101111101010101
10001010101000100000100000001010101
10111010101010111110111111111010101
10001010101010000010001000001010001
11101010101011111111101011111011111
10101010001000100000100010001000001
10101111111110101110111010101111101
10001000100000100010100010100000101
10111010101110111110101010111110101
10001010001000100000101010001000101
11101011101011101011101111101111101
10001010001010001000100010000000101
10111010111110111111111011101110101
10100010000010000010000010001000001
10101111111011111010111010111011111
10100010000000001010100010001000101
10101010111111101010111111101110101
10001010100000101000100010101000101
10111011101110101011101010101011101
10001000001010101000101000001010001
11101111101010101110101111111010101
10100010001000100010100000001010101
10111010111111111011111110101010101
10000010000000001000000000101000101
11111111111111111111111111111111111
