11111111111111111111111111111111111
10100000000000000000101000100000001
10101111111110111110101010111111101
10101000100000100000001010000010001
10101011101111111111111011111010111
10101000100000000010000010000010001
10101110111111111010111110111111101
10001000000010001000001000100000101
10111011111010111110111011101010101
10001000100000100010100010001010001
11101110101111101011101110111011101
10100000101000001000100010101000101
10111111101111111110111010101110101
10000000100010000010100010000010101
11101110111010101110101111111110111
10001010100010101000101000000010001
10111010101111101011101011111011101
10100000100000101010001010001000001
10101111111110101010111010101111101
10101000001000101000100010101000001
10101110101011101111111010101111101
10100000101010100000001010100000101
10111111101010101011101010111110101
10000000101010101010001000100000101
10111110111010101010111011101111101
10001010000010001010100000100000101
11101011111111111010111110111110101
10100010100000000010001000001000101
10111010101110111111101111111011101
10000010000010001000100000001000101
10111110111111101110111111101010101
10100010100000001000100000101010101
10101011101111111011101110101110101
10001000001000000000000010000000101
11111111111111111111111111111111111
