11111111111111111111111111111111111
10001000001000100000001000000010001
10111011111011111110101111111010111
10100000001000000000100010100000101
10111110111110111110111010111011101
10100000000010000010101010000000001
10101010111111101111101011101111101
10101010000000001000100010100010001
10101110111110111011101110111111101
10001010000010001000001000100000101
11101011111111101111101110101111101
10100010001010000010001000000000101
10101110111011101111111111101110101
10001010100010000000001000001000001
10101010111011111111101111101111101
10100000101000101000101010000010001
11111110101110101011101010111110111
10100000100000101000000010001000001
10111111111011101010111010111111111
10101000001010100010001000001010101
10101011111010101110111110101010101
10100000000000101000000010100000001
10101110111110101111111111111011101
10000010100010100010000000001000101
11111011111010111111111110101011111
10000000100010000010100010100000001
10111010111010111110111011111011101
10100010000010001000000000000000101
10111111111110111111101110101110111
10100000000010000000100010101000001
11101010101111111110101111101110101
10001010100010000000000010001010101
11101110101111101010101111111010111
10001000100000001010100000001000001
11111111111111111111111111111111111
