11111111111111111111111111111111111
10000000100000001000001000000000001
10101111101011101011101011111111101
10101000001010000010001010000000001
10111011111011111110111010111111101
10100010001000100010100010100000001
10101110101110101010111110101111111
10100000101000101000100010100000001
10111111101011101111101010111011111
10000000001010001010001000100010001
10111111111010111010101111111110101
10100000000010001000101000100000101
10101111111111101011101010101111101
10100010000010101010001010001000001
11111010111010101110111011111011101
10000010100000101000100010000010101
10111110111111101011101110111110101
10001010001000001000000010100000001
10101010101011111111111110101111111
10101000101000000000000010100010001
11101111101111111111111010111011101
10001000000000000000001000100010001
10111011111011111111101111101110111
10100000100010001000000010001000001
10101110111110101111111010111011101
10100010000000101000100010001010001
10111011111111101010111111101010101
10001000100000100010100000001010101
10101111101110101110101111111010101
10100000000010101010100000100010101
10111111111110101010111110111110101
10001000100000101010001000100000101
11101011101111101011101011101111101
10001000001000000000100000001000001
11111111111111111111111111111111111
