11111111111111111111111111111111111
10001010101000001000000010001010001
10111010101111101111111011101011101
10001000101000100010100010000000001
11101011101110101110111011101011101
10100000000000100010001000001010001
10101011111010101110101110111011101
10001000100010100000100000001010101
10101110111010111110101111111110111
10100010001010100000100000100010001
11111010101110111010111010111010111
10000010101000100010100010001000001
11111111111110101111111111111110111
10001000001000001010001000100000001
10111110101010101011101110101011111
10000000100010100010000000101000101
11111111111111111010101011111010101
10000000000000100000101010000010101
11111010111110111110111110111111101
10001010001000100000000000000000101
10111011101111111110111110111011101
10101010000010000000100010100010101
10101111101111101011101111111010101
10001000100010101010100000000000101
10111011101010101110111010111111101
10101000001000100000100010000010001
10101110111010101010111111101111101
10000000101010101010100010000010001
10111110101110111011101110101110111
10100010001010000000001000100000101
10101010101011111111101111101110101
10101000101000100000000010001000001
10111111101010111111101110101011101
10100000000010000000101000101000101
11111111111111111111111111111111111
