11111111111111111111111111111111111
10000000101010001010001010000010101
11101110101010101010111010101110101
10101010001000100000001000100010001
10101010111111111110111010101011101
10001010001000000010100010101000001
11101011101011111110101111111011111
10000010001010000010101010001000001
10111110101010111010101011101110101
10000010101010100010001000000010101
11101111111010101110101011101010101
10000010000000100000101010001000101
10111111101111111011111111101111111
10000010001000000000001000000000001
10111111101110111110111010111111101
10001010001000101000001010001010001
10101011101110101011111011101010111
10100010001000001010001010000010001
11101110101111101010101011101011101
10000000101000001000101010001010001
11111011111111111111111111111111111
10000010000010000010001010001000101
10101111101111111010111011101110101
10100010000010000010001010000000101
10111111101110101010111010111111101
10101010100000101000001010001010101
10101010101010111110101010101010101
10000000001010000010100010100000001
10111111111011111011101011111011101
10000010000010000010001010000010101
11111010101011111011111010101110101
10001010101010000000001000100010101
11101010111110101110101010111010101
10000010000010101000101010100000101
11111111111111111111111111111111111
