11111111111111111111111111111111111
10000000000000000000000000000000001
11101110111010101010101010111110101
10000010100010101010101010000010101
11111111101111111011101011101011101
10000000000000001010001000101010001
11111011111010111011111011111011101
10000000001010001000100010000000101
10101111101010101111101111111110111
10101000001010100010001000000000001
10111010111011101111101011101110101
10100010100000100000101010001000101
10111010111110111011101011111111101
10001010100000100000101000100000001
10101011101111101010111010101110101
10101010000010001010001010101000101
10101010101110111111111111101110101
10101010100010001000000000001000101
11111010111011101010111011111111111
10000010001010001010001000000000001
10111111111010101010101111101011101
10100000000010101010101000001000101
10111111111010111010111110101110101
10000010000010100010000010100010101
10101010101110101110111110101011101
10101010101000100010001000101010001
11101011101011101110101111101111101
10001010001010000010100000100000101
10101011101010111111101011111111101
10101010001010000000101000000000101
11101011111011111011111011101110111
10001010000010000000001010001000001
10111011101011111111111111101011101
10001010001000000000001000001010001
11111111111111111111111111111111111
