11111111111111111111111111111111111
10101010000010000000001000000000001
10101011111010111111111111111110111
10101010100010101000001000000010001
10101010101010101011101011111010111
10101000001010001010001000100010001
10101011111110101011111110111010101
10100000000010101000101000101000101
10111111111010101110101011101011101
10100000100010100000001000100010001
10101011111011111011111110111111111
10101000100010101000001000000010001
10111110101110101110101011111010101
10100000100010000000100010001010101
10101010111011111111101010101010111
10101010100000000010101010100000001
10101110111010101010101011111111111
10101000000010101000001000000000001
10111111111111111011111111111111111
10101010101000000000000000100010101
10101010101010101011101111101010101
10101010001010101010001000101000001
10101010111010111110101010111011111
10101010001010001010100010100000001
10101011101010101010101111111111101
10101000001010100010100000100000001
10101010111111111010111011111010111
10101010001000000010100000100010001
10101011101111101111101111101110111
10100010000010000010000000100010001
10101010111010101011111110111110111
10101010001000101010100000000010001
10101010101111101010101010101010111
10001010101000001010001010101000001
11111111111111111111111111111111111
