11111111111111111111111111111111111
10001000100000000010001010001000001
10101010101111111010101010111011101
10100010001000100010100010000010001
10111111101010111010111011111010111
10100010001010100010001000000010001
10101011101110101111101111111111101
10101000100000100000101000000010101
10101110111111111110111011111010101
10100010100010000010000010100000101
10111010101011101011101110101111101
10100010001010001000100010100010001
10101111111010111111111010101110111
10001000000010100000100000100000001
11111011111110101110111111101011111
10000000100000101010001000001000001
10111110101110101010101111111111101
10001000101000100010100000100000101
11111011111011111010111110101111101
10000010000000000010100010100010001
10101111111111111010111010111010111
10100000000000001010000010100010001
11111111111111101111111110101111101
10000010000000000010000000100000101
10101110111111111010111111111010101
10100010100000001010000000101010001
10111010101111101011111110101011111
10100010101000001010000000101010001
10111110101111111010111111101011101
10000010101000100010100000100010001
10101010101110101110111110101110101
10101000100010100010001000100010101
10101111101010101011101011111010101
10100000001010001000001000000000101
11111111111111111111111111111111111
