11111111111111111111111111111111111
10000000101000000010100000001000101
10111110101011101010101110101010101
10000010001010001000101000101010101
11111010111010111111101011101010101
10000010100010000000001000100010001
10111110101111111111111110111111101
10001000101000001000000010100010001
10101111101011101110111010101110111
10101000001010100010100010101000101
11101011111010111011101010101011101
10001000000010001000001010100000101
10111111111110111111111010111110101
10001000000010000000100010001000001
10101010111110111110101111101111101
10100010000010001000100010001000101
10111111111011101011111010101110101
10000000001000001000000010100010101
11111111101111111111111110111010101
10000000100000001000001000100010101
10111011111111101011101011111110101
10001010000000001000101000001000101
10101110111111111111101111101011101
10101000100000000000000010001000101
10101011111010111111111110101110101
10101000001010001000000000101000101
10101111101111101010111111111011101
10100000100000001010100010000010001
10111110111110111011101010111110111
10001010000000100010001010001000101
11101011111111101110111011101011101
10101000000010100010001010001010001
10101110111010111011101010111010101
10000000100000001000001000100000101
11111111111111111111111111111111111
