11111111111111111111111111111111111
10000000100000001010000000000000001
10111111111010111011111110101110101
10001000100010001010000010101000101
11101010101110111010101010101011111
10000010100010000010101000101000001
10111011101111111011111010101110111
10001000000010000000000010101000001
11111111111111111111111011111111111
10101000100000100010101000000010001
10101010101010101010101011111111101
10000010001010101000001000000010001
11111111111011111111101111101110111
10000000000010100010001000100000001
11111111111010101010111110101110101
10000010000000101000000000100010101
11101010111110101010101011101110111
10001010100010101010101000000010001
10111010111010111111101111111111111
10001010000010100000001000101010001
11101010111110101010101010101010111
10001000000010101010101010001000101
11101111111010111110111111101010101
10001000001010101000001000001010001
10101011101010101110101111101011111
10101000100010101000101000101000101
11111111111011101011101010101110101
10000000000000000000100010000000001
11101111111111111110111011111110101
10000000000000100000101000001000101
11101111111111101011101011111111111
10000010000010101000101010000000101
10101110101110111011101010111010101
10100000100000100000001000100010001
11111111111111111111111111111111111
