11111111111111111111111111111111111
10001000100010000000000000001000001
10111010101110111111101110111010111
10001010100000000000100010100010001
10101010111111111111101011101111101
10100010000000100000101000001000101
10111111111110101110101111111011101
10100010000010001010100000100010001
10101010111111111010111111101110111
10001010000010000010001000001010001
11111010111010101111101011111010101
10100010001000100000101000101000101
10101111101111111011101110101011101
10101000100010001000100000100000101
10101010111010111110111111111111101
10001010000010000010000000000000101
10111011111111111011111111101110101
10100000000000000010000010101000001
10111111111111111010111010101111101
10100010001000001000101010100000101
10101010101011111111101010111110101
10001000101010000000100010100000101
11111111101010111010101110101111101
10000010001000100010101000101000001
10101010111011101110101110101111101
10101010100010001000100010100000101
11101010111110111111111010111110111
10001010000010000000000000000010001
10111111111011111011111111111111101
10000000100010001000101000100000001
10111110101110101110101010101111101
10100010001000101000001010101000101
10111011111011101111111010101011101
10000000000010000000000010001000001
11111111111111111111111111111111111
