11111111111111111111111111111111111
10101000001000001000001000100000101
10101011111010111011111110101110101
10000000100010101000100000000010001
11101011111110101110111011111110101
10001000100000000010001000001010101
10101111101111111011101010111010111
10100010100010101000000010100010101
10101110101110101011101111111010101
10100000101010100000100000100000001
11101010101010111110111110111110111
10001010001000001000100010101000001
11101010111111101111111010101010111
10001010101000001010000010100010001
11111011101111101010111111101110111
10000010101000000000100000100010101
10101010101010101111101110101110101
10101000101010100000000010100010001
11101110101010111110111011111010101
10101000000010100010101010101010101
10111011111110101111101010101011111
10001000101000100000000010001000001
11101110101011111010111110111011101
10100000001000101010001000001000101
10101011101111101111111010111111101
10001000100000000000101010001000001
10111011101011101111101010111110111
10101010001000100000000010001000001
11101111101110111111111111111011111
10000010000010001010101010001010001
11101010111011101010101011101011101
10001010001010100000001000100010001
10111010101010111110111110111010101
10100000101000001000001000000000101
11111111111111111111111111111111111
