11111111111111111111111111111111111
10001010000000100000000010000000001
10101011101011101110101011111110111
10100010001000001000101000000010001
10111110101111111111111011101010111
10000010101010100000000010001000001
10111111101010101010111011111111101
10000010001000001010100010100000101
11101110101111101111101110111110101
10000000101010000010100010100010001
10111110111010101010111010101010101
10001010001000101000100010001000101
10101011101010111010101010111111101
10100010001010001010101010100000001
11111111111111111111101111111111111
10000010101000100000100010000000101
10101010101011101011101011111011101
10101000000000001000101010100010101
10111111111110111111111010101110101
10101010000000100000100010000000001
10101010101010101110101010111011101
10100000101010000010101010100000101
10101111101111111111111010111011101
10101000100000001010100010100000101
10101011111011101010101010111111111
10101010100010001000101000000010001
10101010101010101110111011101110101
10101000001010101010000010000010101
10101110111110111010111010101010101
10101000100000000000101010101000101
10101110101110111110101011111010101
10101000101000001010100010000010101
10101011101011101010101111111111101
10101000101000101000100010000000001
11111111111111111111111111111111111
