11111111111111111111111111111111111
10000000001010001010001000001000101
10111111101011101010111111101110101
10101000000000100000000010100000001
10101011111011111011101110111010101
10101010000000101000100010100010101
11101111101111101011111110101011111
10000010000000101010100000101010101
11101011101010101010101111111010101
10001010101010000010000000100010001
10101110111111101110111111111011101
10100010100010000000001000000000101
11101110101110101111111111101111101
10101000000010101000001000100000101
10101111111010111011111110101110101
10001010000010101000001010001010101
11101011101010101011111010101011101
10100000101000001000001000100000101
10101111111110111011111010111111101
10000000000000000010000010101010101
10111111101010101111111011101010101
10001000001010101010101010100000101
11111110111110111010101010111011101
10101000100010001000001000101010001
10101011101010111110111010101011101
10001010001010101010000010100000101
11101111111010101011101111101111101
10000010000000100010101010001010101
11101111111110111010101010111010101
10000000001010000000000000100000101
10111110111010111110101110101111101
10101010000000001000100010000000001
11101010101110111110101110111010101
10000000100010100000100010001010101
11111111111111111111111111111111111
