11111111111111111111111111111111111
10001010000000101010100000000000001
10101010111110101010111110101010111
10101010101000001010000010101010001
10111011101110101010101011101110111
10000010001010100010101010100010001
10111111101010111010111110111011101
10000010001000001000001010000000101
11111010101110111110111011111010111
10000000100010001010001000101010001
11111011111111111010111011101011111
10000010000000001000001010000000001
11101010111110111110111010101111101
10001000001010101010001010101000001
10111111101011101010111011101011111
10001000001000101000001010001010001
10111010101011101110101010111010111
10100010101010100010100000100000001
11111111101010111011111010101111101
10000000001000000000101010100010001
10111110111010111110101111101110111
10001000100010001010001010001000101
11101111101110111011101010101111101
10100010000010100000000000100000101
10111011101010111110111111111110101
10000000001010100000101010000010001
10101111101011111110101011101011111
10101000101010100010000000101010001
10111110111010101110111110111011101
10000010000010000000100010000000001
10101111101111101011101111111011111
10101000000000101000000000101000001
11101111111111111010101111101010111
10000000000000001010100000001010001
11111111111111111111111111111111111
