11111111111111111111111111111111111
10001010000000101000000000000000001
10111011111110101111111111111111101
10000000000000001000101010000000001
11101010111010101011101010111111111
10001010001010101000000010000000001
11111010111110101011111111111011111
10001010000010101000101010001010101
10111011101111111010101010101010101
10000010100000001010000010101000001
11101110101011101011111110111011111
10000010001010001000001000001000001
11101111111111111011101010101110101
10000000001010001000100010100000101
10101011101010111111111111101111111
10101000100000001000000010100010001
10101011111011101111111010101110111
10101000001010001000000010100010001
11101111111111111111101010101111101
10000010000000000000001010100000101
11111011101010111010101010101010101
10101010001010001010101000001010001
10101010111011111111101111111111111
10000010101000001010000000000010101
10101110101011101010101010101010101
10100000001000101000101010101000001
11111111111111111111111110111111111
10000000100000100000001010001000001
11111110111010111011101010111011111
10100000100010100010001010001000101
10101111101110101010111011101010101
10101000000010101010100000001010101
10101010101010111010101110111110101
10000010101010000010001000000000001
11111111111111111111111111111111111
