11111111111111111111111111111111111
10000000100000101000000000001000101
10111111101010101011111110101110101
10001010101010001000101010100000001
10111010101111101010101010111110111
10000000100000101010000010101000001
11111011111011101011101110101011101
10001000100000101010000010100000101
10101011111110111011111111111110111
10100000100000001000001010000000001
11101111111110111011101011111011111
10000000100010001010000010101000001
11111011101010101110111110101011101
10000010101000101000000010000000101
11101110101111111111101111111111111
10000010101010001010001000101000101
11111010101010111011101011101010101
10100000100000000010001000001010101
10101010101110111011101111101110101
10001010101000001000100000001000001
11111110111011111010101110101111101
10000000000000001010001000100000001
11111111111110111111111111111111111
10000000000000100000101010101000001
10101011101110111010101010101111101
10101000100010000010001000000000001
10111110111111101110111111101111101
10101010100000100010001000001000001
10101010111011101111111011101010101
10100000101000100000001000101010101
10111110101110111011101110111011101
10101000000000101010100010101010001
10101011111011101010101010101011111
10100000100000100000101000001000001
11111111111111111111111111111111111
