11111111111111111111111111111111111111111
10100000001000000000101000000000000010001
10101110101011111110101011111111101010101
10101010101010000010100000001000001000101
10101010101011111010111011111011111111101
10000010100010000010001010000010000000001
11111010111110111011101010111110111111111
10001010001000100000101010000010100000001
11101111101011111111101011111010101111101
10100000001010001000101000100010101000101
10111111111010101010101111101110101011101
10001000000000100010100010001000101000001
10101011111110111110111010111011101011111
10101000100010100000001000100010001010001
10101111101011101110111111101110111010101
10100010001000001000100000001000100010101
10111010111111101111101111111011101111101
10001000100000001000001000000010000000001
10101011111111111011111011111011111111111
10101010000010001010100010000010000000001
10101010111010101010101110101110111111101
10101010101000100010001000101000000000101
11101010101111111110111011101011111110101
10001010100000000000101000101000100010101
10111010101111111111101110111011101011101
10100010101000000000000010000010001000001
10111110101111111011101011111110111111101
10000000101000001010001010000000100010001
10111111101011101110111010101111101010111
10001000000010100010001010101000001010001
11101111111110111010101010111011111011111
10100000001000001010101010100010001000001
10111111101110101011101010101110101111101
10000000100010100000001010001000100000001
10111011111011111110111111111011111111101
10001010001000100010100000001000000000101
10111010101110101011101111101111111010101
10100010100010101000101000100010001010101
10101110101110101110101011111010101110101
10100000100000001000001000000000100000101
11111111111111111111111111111111111111111
