11111111111111111111111111111111111111111
10000000000000000010001010000000100000101
11111111101111111111101010111110101110101
10101000001000101010001000001000100010101
10101110111010101010111111101011101110101
10001000001010001010001000101000100010101
10111111101011111010111010101110101010101
10101000001000000010001010001000001010001
10101010101111101111101011111111111111111
10001010100000100010001000100000100010001
11101011111110111010101011111010101010101
10000000001000000010101000000010001000101
11111011111111111011101110111010101111101
10100000001000100010001000100010100010001
10111010101010101110101010111111101110111
10100010101010100000101010100000001010001
10111010101011111011101110111011101010111
10000010101000000010001000100010100010001
11101111111111111111111110101010101110111
10101000100010001010001000101000100010001
10101010101010101010111111111111111111101
10000010101000100010001000100010101000001
10101110101110111010111010101110101111101
10100010001000001010001010100000101010001
11101110101011111111101010101111101011101
10000010101010001010001010000000000000001
11111111101010101010111111111011111111111
10000000001000100010000010101010101000001
10111111111110111111101010101010101011101
10000000001000000000001010001010101000101
11101111111111111111101010111010101011111
10100010001000001010001010000010100000001
10111010111110101010111011101110111011111
10000010000000100010001000000000101000001
11101110111011111110101011111111101110101
10000000001000100010101010000000100000101
11111010101011111011101010111110101110101
10001010101000000010001010001010101000101
11101011101011101010101010101010101111111
10000010001000101010101000100010000000001
11111111111111111111111111111111111111111
