11111111111111111111111111111111111111111
10000010000000100000000000000000000010101
10111011111011111111101011111111101110101
10101000100000001000001000101010100000001
11101011111110111110111111101010111111111
10000000100000001000100000100000101000001
11101011111110111110101011111110101110111
10001010100000001000001010000010100000001
10101010111111101110111110111110101111101
10101010100010000010001000001010000010001
11111010111010101110111011111010111111111
10000000100010101000000000001010101000101
10101011111011101010101010111010101011101
10101000100000100010101010101000000010101
10101011111011101111101111101011101110101
10101000000000001000101000000000100000001
11111110101010101011111010101111101011111
10000000101010100000000010100000101000001
11111110101011101011111011101011101010111
10000000101000101000001000101000101010001
11101010101011111011111111111011101010101
10001010101000100000000000001000101010101
11111010111010101011101010111011111110111
10000010100010101010001010101000000010001
11111110101011101111101111101110101010111
10100000101010001000000010000010101010001
10111110101110101111101110111111111010101
10000010101010100010000000000000001010101
11111010111011111110101010101010111011101
10101000000000101000101010101010101000101
10101010101111101111101110101110101110101
10000010100000000010001000101010000010101
11101010111010101110111111101010111010111
10001010001010101010000010000010100010001
11111010111110101011111010111011111011101
10000010101000100000100010100000100000101
10111011101110101111111111111010111011101
10100000001000100000000000001010001010001
11111011101110111110101110111110111111101
10000000101000100000100010100000000010001
11111111111111111111111111111111111111111
