11111111111111111111111111111111111111111
10100000101000100000000000101000001000001
10111110101011101010101011101010111110111
10000010000010001010101010101010101000001
11101110111010111110111110101110101110111
10000000001010100010000010000010101010101
11101110111110101111101110111110101010101
10000010000010101000101000100010000000001
10101111111110101011111110101111101111111
10101010001000000000001010100010001010001
11101010111011111011111010101111101010101
10000000100010101000100010001000000000101
10111110111010101111101110111111101011111
10100000000000000000101000001010001010101
11111110101111111111101010111011101110101
10000010100000001000101010000000000000001
11111010101111101110101110111110111010111
10001000101010001010001000000010001010001
11101010111011111010111110101111101110111
10000010000000100010001000101010100010001
10111011101111111010111011111010111010101
10100010001000000000000010000000001010101
10111011101111101110101110111010111110111
10100000100000101010100000001010101010001
11111111101110101011111010111111101011111
10000010001000000000001010001000000010001
10111010101111101011111010101011111010111
10001000101010001000001010100010001000101
10111111101010101011111111101110111111101
10100000000010101010100000100000000000001
10111110101111111110101011111110111010101
10100000101000001000001010001000001010101
10101110101011111010101011101110111111111
10101000100000000010101000000010000000001
11111111101110111111101110101110101011111
10001000101000001000100010100010101000101
10111110101111101110111110101110111111101
10000000000010100000101010100010000010001
10111110111010101010101011101011101011101
10001000001000101010000000101010001000001
11111111111111111111111111111111111111111
