11111111111111111111111111111111111111111
10001000100000100000000010000010001000001
10101010101110101111111010111010111010111
10101010001000100000001000101010000010001
11101011111111111110111111101011101111101
10001000000000100010000010001010100000101
10101111111110101011111010111010111111101
10100000000000101000000010000010000000001
10111111101110111111111011111111111011111
10100000101010100010001010001000000000001
10101011101010101010101010101011111111101
10101000001000101010100000100000001000001
10101110111011101110101111111111101111111
10100010001000100000101000000010001000101
11111011111111101111111110111110111010101
10000010000000101000100000101000001010101
10111110111110101010111011101011101010101
10000000000010001010000000100000100010101
11111111111011111010111111111110111110101
10000010001010001010000000100000100010101
10111010111010101111111110101111111010101
10001000000010100000100010001000000010101
11101111111111111110101011111011111110101
10101000000000001010101010001000001000101
10101111111110101010101010101110111011101
10100000000000100010101000100000100010001
10101111111111111010101110111110101110111
10100000100000001010100010001010100000001
10101111101011111010111111101010101111101
10001000001010000010000010001000100000101
11111010111010111011111010111111111110101
10000010001010100010001010100000000000101
10101111101010101110101010101110111111111
10101000101000100010100000100010100010001
10111011101111111110111111111010101110101
10001000001000000010100010001010101000101
11101111111011111010111010101010101011101
10001000001000100010100000101010100000101
10111011101110101110101111101010111111101
10000010000000100000100000100010000000001
11111111111111111111111111111111111111111
