11111111111111111111111111111111111111111
10100000101000001010000010000010000000101
10111010101010111011101010111110101110101
10100010000010101010001010100010101000101
10101010111110101010111110101110111110101
10101010100010001010000010000010100000101
10111010111011101011101111101110111111101
10100010100010001010000000000000001000001
10101010101110101010111010101111101110101
10001010000010100000001010100010000000101
10111111111111111111111111111111111111111
10001010001010101010100000101000101010101
11101010101010101010101110101010101010101
10000000100000100000101010100010001010001
11111110111111101111101010101011111011101
10000010101000101000001000101000001010001
10101010101011101010101110101011101011101
10101000000000100010101000001010000010001
11111111111110111011111011101110111111101
10001010100000100000001000101000000000001
10111010101111111111101111111111111011111
10000000101000101010001000001000000000101
11111011101011101011101110111010111011101
10001000100000100000001000001010001000001
11101010111011111011111010111010111110111
10001010100000100010101010001010001010001
10111110111110101110101111101010111011101
10000000000000100000001000001010001000001
10111111101110101111111111101111111011111
10000000100010100010000000001000001000001
11111111111110111010111110101011101111101
10000000000000100000001000101000101010001
10111111111111111010111110101110111010111
10000000000000000010001000101000000000001
11111111101111111111111111111110111111111
10000010001000100010001000000000001000101
10111011101011101110111110111011101110101
10001000101010100010001010100010000000001
11101110101010101111101010111010111110101
10000010000000100000000000100010001000101
11111111111111111111111111111111111111111
