11111111111111111111111111111111111111111
10000000101000000000000010000000000010001
10101110101011111110111010101111111011101
10101010001000100000100010101000001000101
10101011101110101111111011101011101110101
10101000000010100000001000001010100010001
11101011111110111111101110111010111011111
10001010000000100000101010100010001000001
10111010111111101011101010101110111111101
10001010000010001010001000101000100000001
10101111111010111010111011101010101111101
10101000001000101010100000101010101000001
11101011101111101010111110101011101110111
10001000100000100010000010101000100010101
10111110111011101111111011101010111011101
10000010101000101000001000001010001000101
10111010101110101011111111111011101110101
10100010001010001000000010001000100010001
10101011101011111011111010101110101111111
10101000101000001010001000100000101000001
10101011101011101011101111111111101011101
10101010001000101000000000001000100000101
10101110111110101110111111101010111110101
10100010100000101010100010101010001000101
11111010111011101010101010101011101011101
10000010000010001000101010001000101000101
10111011111110111011101011111110101111101
10100010000010001010001010000000100010001
10101110101011101110111010111111111010101
10100010101010100000100010001000100010101
10111110101010111111101110101010101110101
10000000101010000000101010100010100000101
10111111101010111011101010111110111111101
10001000001000100010001000100010100010101
10111010111111101110111111101010101010101
10100010100010000010100000101010001010001
11101110101011111110101110101011111011111
10001000101000000000101010001010001000001
10111111101111111111101011111010101111101
10000000000000000000001000000000100000001
11111111111111111111111111111111111111111
