11111111111111111111111111111111111111111
10001000100000000000100000100010100000001
10101110101111111011101110101010101110101
10101000100000001000100010001010100010101
10101010111111111110111011111010111110111
10100010100000000010100010000010000010001
11111110101111111010111010101111101011101
10000000001000100000100010100000001010001
10111111111010101110101111111111111010101
10100000000010100010101000001000000000101
10101111111110111011101011101111111110111
10001000001000100000101000100010000010001
11111011101011101110101110111010111011101
10100010001010001000100000100010100010101
10101111111110111011101011101110101110101
10100000000000101000101010100010100000101
10111010111111101110101010101110111111101
10001010100010001010101000100010000010001
10101010101010111010111110111010111110111
10100010101010100010000010001010100010101
10111111101010101111111011111010101010101
10001000001010000010001010000010001010001
11101011111011111010101010111111111011111
10101000101000001000100010100010100000001
10101110101111101111111010101010101111101
10001000000000100000001010001000100010001
10101111111111101011111011111011111110111
10100000100000101010000010000010001000101
10111011101110101110111110111110101011101
10100010001010100010000000100000101000101
10101110111010111011111011101111101110101
10100000100010100010001000001000101000101
10111111101010101110101111111010101011101
10100010001000100010100000100010001000001
10101110111110111010111110111111111011101
10101000100010100010001010001000001010101
10101011101011101111101011101011101010101
10101000101000001000001000101000100010101
10101110101011111011111110101110111010101
10001000001000000000000000100000100010001
11111111111111111111111111111111111111111
