11111111111111111111111111111111111111111
10000000000000000000001010101010000000101
11111111111110111111111010101010101011101
10100010100010100010001010000000101000001
10101110101010111010101011111011111111101
10000000001000100010101010001000001000001
11111111111011111011101010101011101010101
10000000000000100000001000100000101010101
10101111111110101111111011111111101011111
10100000000010100000001010100010001000001
10111011101010111110111010101010101111101
10100010101010100010001010101000101010101
10101110101010111010111010111011101010101
10100010001010000000001010100010001000001
10101011111010111011111010101111101111101
10101010000010100000001010000010001000001
10111011111111111110111111111111101111111
10101000100000101000001010001000101000101
10101011101010101110101010111010101010101
10100000001010100000101000001010001010101
10111111111111101111111010111111101110101
10000010100010100000001010001000000000101
10101110101110101010101010111011111011101
10100000000000101010101010001000001000101
11111111111111111110111010101110111111101
10001000100010000010001010100000000000001
11101011101010111010111111111111101111111
10001000101000001000001010100010000010001
10111011101111111111111010101110111110101
10001000101000001000101010000010000010101
10101011101110101011101010111111111011101
10100000101000101010001000001010001000001
10111011101011101010101011101011101010101
10001000100000100000101010000010000010101
11101110101110111111111111101111101111101
10001000101000001000101000100010000010001
10111011101110111011101011101110111111101
10001010001010001000001000000000001010001
10111010101010101011111111111011101010101
10001000101000100000000000000010000010101
11111111111111111111111111111111111111111
