11111111111111111111111111111111111111111
10000000001000101010000000100010101000001
11111110101011101010101111111010101011111
10001010100010001010101010100000000010001
10111011111011101011101010111011111010101
10000000100010100000000000100010001010101
11101110111010101110111110111010111110111
10001010101000000010001010001000000000001
11111010101011101010111010101111101110101
10101010000000101010100000100010001010101
10101011111011101011101111101111101010101
10000000001010001010001010000010001010101
11101011101010111111111011111110111011101
10001000100010000000001000000010001000101
11101111111010101110111110111010101011111
10101000100010101010100010100010101010001
10101011101110111011111010111111101010111
10001010001000000000000000100000100000101
10111011101010111111101111101011111011101
10100010001010000010000000101000101010101
11111011111110101010111110111011101010101
10000010100000101010100000001000100000001
10101110111111111011101110101011101011111
10100010100000000010101000100000001010001
10111010101110111010111011111111101010101
10001000100010101000100010100000001010101
11111010111110101111111010111110111110111
10001010001010000000100000101000100010001
11101011111010111110111011101011111011101
10001010000010000010100000101010101000001
11101011111011101110101011101010101110111
10000010001010100010101010101010001000001
10111011101010111111111010101111101111101
10001010001000000010101000100010000010001
10101110101011111110101010101110111011101
10100000100000000000000010000010100000001
11101111111111111110101110111011111011111
10001000001000000010101000001010000010101
10111111101011111010101011111010101010101
10000000000000001010101010000000101000001
11111111111111111111111111111111111111111
