11111111111111111111111111111111111111111
10001010000010100000000010001010100000001
10111010111010101010101110101010101110111
10100010100000001010100010100010001000001
10101010101110111110111010111010101011101
10001000100010000010100000100000101010001
11111111111111111111111111111111111111101
10000010000010000010000000100000001000101
10101010111111101110111110101010111110101
10101010000000001010000010101010001000101
10111110111111101010101010101011101011101
10100010000010000000101010001010000000101
10101110111011101011101110101010111011101
10000010001010001010000010101010001000101
10111111111111111110111111111111111111101
10000000101000000000101010001000100000101
11101010101110111110101010111010111110101
10001010001000100010001010000010100000101
10101011101011101010101011111011111010101
10101010000000001010101010000000100010001
11101111101110101010101011101010111010101
10000010001000101010101010001010100010101
10101010101011111111101011101010111011101
10101010101000000000101000001010100000101
11111011111110111111111011111111101110101
10100010000010100000001010000010000010101
10111010111110111110101011101010111110101
10000010100010101010101000101010100000101
11101110101110101010101010101010111011101
10000010100010100000101010001000100000101
11101110101110111111101110111111111111101
10000010000000101010101000001010100000101
11111010111111101010101110101010111110101
10001010000010000000001000101000100010101
10111011101010111011111011101011111010101
10001010001000100000101000101000100010101
10101010111011101011101111101110101110101
10100010001000101000001000001000000000101
10111110111111111111111111101110101111101
10000010000000000000000000000000100000101
11111111111111111111111111111111111111111
