11111111111111111111111111111111111111111
10001000101000100000000000001000001010001
11101110101010101010111011111111101011101
10101010000010001010100000100000101000001
10101010101011111011111110101010101011111
10000000101000001000100000101010001000001
11111110111111111111101110101111101110101
10000010101000101000100010001000001010101
11111010101010101011101010101010101010101
10000010100010101000101010101010101000101
10111010101111101011111110111011111110111
10100010100000101000100000001000001000001
10101010101111101011111111101111111111101
10101000100000001000100000101000101000101
11101111111011101110101010101011101011101
10101010100000101000101010000000101000001
10101010101110101110101111111111101110111
10000000001000101000100000001000101000001
11111111111110111011101110111110101110111
10001010100010001010100010100000100000001
10111010101010101010101010101010101110111
10000000001000101000101010001010001000001
11111111101111111011111111101110101110111
10000000000000000000100000001000101000001
11111111111111111110111111111110111010111
10000000000000000000100000000000001010001
11111111101111111111111111111011111011111
10000010101010100000100000000000101000001
10101110101010111110101011101011101011111
10101000001000000000101010001000101000001
10101010101011101010101011101010101011111
10100010100000101010101010001010001010001
11111111111111111111111111101111111011101
10001010000010001010101010000010001000001
10101010101010101010101010111010111111101
10100000101000100000000000001000001000001
11111111111111111111111111111011111111111
10101010000000101000100010000000101000001
10101010111011101010111010111010101011101
10000000001000000010000000100010000010001
11111111111111111111111111111111111111111
