11111111111111111111111111111111111111111
10100000001010000010100010000010000010001
10101011101010111010101010111011111011101
10101000100000001000001000001010001000101
10101110111111101111111111101010101110101
10100010001000101000100000101000100000101
10111011101011101010101111101110111011101
10001010101000001010100000001000100010001
11101010101111111010101111111111101110111
10001010001000100010100000000000100000001
10101011111010101011111111111110111111111
10101000000010101010000000000010100000001
10111111111110101010111111111010101111101
10001000001000101000100000000010100000101
11101011101011111111111110111110101111101
10001010001000000010000000100010001000001
10111010111111111010111011101011111110111
10100010100010000010001010001000001000101
10111011101010101011101110111111111010101
10100010001000101000100010000010000010001
10101110111111111110111011111010101111101
10101000100000000010001010001010100010101
10101011101111101011101010101011111010101
10100010000010001010001000101000001010001
10111111111110101110111110111110101011111
10000000000000100010001010001000101010001
11111110111111111010101011101011101010101
10000010100010001010101000001000101010101
11111010101010101011101011111110101011101
10001000101010101000001010000000100010001
10101011111010101111111011101111111010111
10101010000010100010000010001000001010001
10101010111110101010111010111111101011101
10100010000010101010001010000000001000001
10111110111010111011101110111110111111111
10001000100010100010001000100010000010001
11101010111110101110111011101011101011101
10001010100000100000100010001010101000001
10111010101111101111101110111010101111111
10000010100000100000000000100010000000001
11111111111111111111111111111111111111111
