11111111111111111111111111111111111111111
10001000000010000010000010001000001000001
10101011111010111010111010101011101011111
10100000100010100010001000100010000010001
10111111101010101111111111111011111010101
10001010001000100000000000000010001010101
11101010111111111111111111111110101110101
10001000100000001000000000000000100000101
10111110111111101011111111111111111111101
10001010000000001010000000100000000000101
10101010111111111010101110101111111111101
10101010000010000010100010100000000000001
11101011111110101110111010111111111010111
10001000000000100010001010100010000010101
10111111111111111011101011101110111110101
10000000100000001010001010001000100000101
11111110101110111010111010111010101110101
10000000100010100010001010000010101010101
10111111111011101111101011111110101010101
10100000000000100000101000001000101010101
10101111111110111110101111101011101010101
10100000101000001000001000001010001010101
10111110101011111011111111111010111010101
10100010001010100010100010000010000010101
10101011111010101010101010111111111010101
10101000000010001010001010100000100010001
10101110111110111111111010101010101111111
10100010000010000000100010001010100000001
10101011111011111110101111111010111111101
10101010001010001010100000100010000000101
10101010101010101010101110101111111110101
10101000101000101010001000101000100010101
10101011101110101011111011101010101010101
10001000100010100000000010001010001010101
11111010111010111111111111111011111011101
10001010100010100000000000101000101000001
10101010101110111111111010101110101111111
10101010101010001000000010001010000000001
10101010101011101011111011101010111111101
10100010100000100010000010001000100000001
11111111111111111111111111111111111111111
