11111111111111111111111111111111111111111
10000000000000000000000000000000000000001
10101110111010111110101110101011111110101
10100010001010001000101000101010000000101
10101111111011111011111011111110111111101
10101000000010000010000010000000001000001
10111110111011101010111010101011111111101
10000010100010001010001010101010000000001
10101011111010111110111110111011101011101
10101010000010000010100000001000101000101
10101110101111111110111010101111101110101
10100010100000001000100010100010000010101
10111110111110101011101110101010101110111
10100000001000101010000010101010101000001
11101011111011111110101110111110111110111
10001010000000001000100010000010000010001
10111110101011111011111011111010111011101
10100000101010000010000010000010100010001
11111011101010101111101110111010101010101
10000000101010100000101000001010101010101
10111110111110101110101010101010101011101
10100000100000100010101010101010101010001
10101110111010101011111011111110101110101
10100010001010101000100010000000100010101
10111111101111101111101010101111111010101
10001000000010000000101010101000000010101
11101111111011101111111010101010111110101
10000010000010000000100010101010000010101
11111011111010101111101010111011111010101
10000000100010101000001010100000100010101
11111111101110101110101011111110111111111
10000000000010101000101000001000000000001
10111111101110111010101010111011101110101
10001000000010001010101010001000100010101
10111010101111111111111010111111101110101
10100010100000001000000010000000101000101
10101011101110101011101110101010101010101
10101010000010101000100010101010101010101
10111110111010111110101110101111101110111
10000010100010000010100010100000100010001
11111111111111111111111111111111111111111
