11111111111111111111111111111111111111111
10001000100010000000100000100000000000101
10111110101110111111101111111110101110101
10100010100010000000000010000000101010001
10101010101010111111111010111011101011111
10001000101010001000100000100010100010101
11101011101111101110111011101110101110101
10001010000000100000101010000010001000001
11101010101110101111101110111111111011101
10101010100010100000101000000010000000101
10111011111011101010101010111010111111101
10000010000010001010100010100000001010101
11111011101111111110111011111010111010111
10000000000010001010101010000010100000001
11111110111110111011101011101111111110111
10000000000010101000100000101010100010001
11111111101110101010101111111010111011101
10000000101000001010000010001000100000001
10101011101011101110111011101011111010101
10101010000000100000101000101000001010101
11101110111110111011101111101011111111101
10000000100000100000001000001010000000101
10111011111111111011111110101011111110101
10100000101000100000000010101000000000001
11101110101011111011101110111110111111111
10000010001010001010000000000000000010101
11101110101011101111101111111111101110101
10001000101010101000100000100000101010001
11101010111010101010101010111010101010101
10001010100000100010101010100010001000101
10111011111011101011101010111111111010101
10001010000010101010101010001010100010101
11101110111110111010111011101010101011101
10000000000000100010000010101000101000101
11101110101111111011101110101011111011111
10000010100000000010101000100000000000001
11111011101011111110111110111011111110101
10001000101010100000100000001000000010101
10101110111010101011111011111011111110111
10100000100000001000000010000000000010001
11111111111111111111111111111111111111111
