11111111111111111111111111111111111111111
10101010001010100000100000000000100000001
10101011101010111110111011111110111110101
10000000100000001000000010001000000010101
11111010101110101111111111101110111110111
10001010000010101010001010001000100010001
11101111101110111010111010101110101110111
10001000101000001000100000100010001000001
10111110111110111010111111101011101110111
10001010101010101010101000001000000000101
10111010101010101110101111111011111011101
10001000101000001000101000001010001000101
10111011101111101011101110111011101111101
10000000101010001000101000100000101000101
10111011101010101011101110111011101011101
10100010100010100000100000001010001010001
10111010111011101110111011101010111011101
10101000100000101010001010100000101010001
11101110111010111010101110111011101010101
10000000001010100010101000101010000010101
10101111101110111010111010101011101111101
10101010000000000000100010100000000000001
10111011101110101110111110111010111011101
10100000000010100010100000000010100000101
11111110101110101110101110101110111110111
10000000100010101000000010101000000010001
11101011111111111110101111111110101111111
10101010000000001010100000100000100000001
10101111101010101010111111111010111111111
10001010001010100010100000000010001000101
11101011111011111011101110101010101110101
10000000001010000000100010101010100000001
11101011111111111011101111101111101011111
10001000001000000000001000001000001000001
10111010111111111011101110111011101011101
10101010101000000010001000101010001000101
10101011101111111011111110101111101011101
10101010001010100000100000001000101010001
11101011101010111010111011101011111010101
10000010000000000010100010000000100010101
11111111111111111111111111111111111111111
