11111111111111111111111111111111111111111
10101010000010001010000000100000101000001
10101010111010101011111011101110101111101
10001000001000101010100010001000001010101
10101010111111101010111010111110101010101
10101010100000100010100000100000101000001
10101010101110101010111010111011101110111
10100010001010101010000010100000101000001
10101010101010101011101111111011101111101
10101010100010101000000000100000101000001
11111111111111111011111111111111101011111
10000000000000000000100010100010101010001
10111111111111111111101110101110101010101
10000000001000001000101000001000101000101
11111111101111101010101010101010101111101
10001010101000001010100010100010101000001
10111010101011111011111011101111101110101
10000000000010101000100010100000101000101
11111111101010101011111010101010101110111
10001010101000001000100010001010101000001
10111010101111101110111011101111101011101
10000010001000001000100010000010101010001
10111011101011101110101010101010101010111
10001000001010001010101010101000100010001
11111110111110111010111011111110101111101
10000000001000001000000010100000101000001
11111011111111111011111010111110101111101
10000000100010100000100010101000101010001
11101110101110101011111010101011101010111
10100010100000001000100010000000101000001
10101010111011101011101110101110101010101
10001010000000101000100010101000101010101
11111111111111111110111111111111111111111
10001010000010100000100000100010000010001
11101011111010111011111010111010111010111
10001010000000100010101010100010001010001
10111010111010111010101010101111101110111
10000000001010100000100010100000000010101
11101011101110111110111010101111101010101
10001010000010000000000010000010001000001
11111111111111111111111111111111111111111
