11111111111111111111111111111111111111111
10000000000000000000000000000000000000001
10111010101010111111111111101011101010101
10001010101010000010000000001010001010101
10101011111011101011101010101010111010111
10101000001010001010001010101010100010001
10111011111111101111111111111011111111101
10001000000010000000000000001000100000001
10111011101111111111101111111011101011101
10100010000000000010000000001000101010001
10101010101010111111101010101011111111101
10101010101010000000101010101000000000101
10111110111011101011101110111110111111111
10001000001000101010000010100000000000001
10101010101110101111101110111111111110101
10101010100010100000101000000000001000101
10101110111110101110111010111011101111101
10100010000010100010001010100010000000101
10111110101110111010111111101111101110111
10100000100010001010100000000000101000001
10101011111110111010101011101010101110101
10101000100000001010101010001010100010101
10111111111011111011101110101110101111111
10000000001000001000100010100010100000001
11111011101010111011101011101111101011101
10000010001010100000101010001000001010001
10101110101011111111111011101110101011101
10101000101000000010000010001000101010001
10111111111011111010111111111110101011101
10000000001000100010100000000000101000101
10101110111111111111101010101010111111101
10100010001000000000001010101010000000101
10101011101010101111101111111011101110101
10101000101010100010000000001010001000101
11111111101010111010111010111011101110101
10000000001010100010100010100000101000101
10101111101010101110111111101011101110111
10100010001010101000000010001010000010001
10111010101110111010111011101111101110111
10001010101000100010100000100000100010001
11111111111111111111111111111111111111111
