11111111111111111111111111111111111111111
10000000000000000000000000000000000000001
10111010111010101011111111111110101010101
10100010100010101010000000000000101010101
11101011111110111110111011101111111011101
10001010000000000010001000100000100000101
10101110101010101111111010101011101010101
10100010101010101000000010101000101010101
10111010101010111010111110111010101111101
10100010101010001010001000100010100000101
10101010111110101010111010111110101110111
10101010000010101010100010000010101000001
10111011111011111010101111101110101111101
10001010000010000010100010000010100000101
10101010111111111110101110101110111011101
10101010000000100000100010101000001000101
10101110111111101011101011101011111011101
10100010000000101000101000101000100000101
10101011111011101011111111101011101011101
10101000100000101010000000001000101010001
10111110111011111010101011111011111011101
10000010001000001010101000100010000000101
11101111111011101111101110101010111110101
10000000001000101000001000101010000010101
10101111101010101010101010111110101111101
10101000001010101010101010000010100000101
11101011101010101111101110101010101010101
10001010001010101000000010101010101010101
10111010101110101110111111111011111110111
10001010101000100010000000001000100000001
10101010101010101010111110101011101011101
10101010101010101010000010101010001000101
10101110111110111010111011111011111110101
10100010001000100010100010000000000010101
10101011111111111010101110101010111011101
10101000000000001010101000101010100000101
10111010111011111111111011111111101110101
10100010001000000010000000000000101000101
10101011101011101111111011101011111111101
10101010001010000010000010001000001000001
11111111111111111111111111111111111111111
