11111111111111111111111111111111111111111
10000000100000100000100010000000000000001
11111010101011101010101011111111101111101
10000010001010001010001000001000100000101
10111111111010111011111111101010111110111
10000000100010101000100000000010000010001
10111110111110101110111111111111111010101
10100010000000101000100000100000001010101
10111011111111101011101110111011111011101
10001000000000101000101010001010001000101
11101011111110101110101011101010101110101
10101000001010000010101000101000100000001
10101011101010111110101010101111101111111
10101010001000100000100010100000100010001
10101010111011101111111110111110111110101
10101010101010100010000000100010000000101
10101110101010111010111111111010111111101
10001000100010001000100000000010000010001
10111011101110111111101111111111111010101
10000010001010000000100010000000100010101
11111110111010101110111011111010111010101
10100010100000100010100010000010001010101
10101010101111111011101110111111101010111
10001010100000001010001000001000001010001
10111010111111111010111011101011111111101
10101000100000001010001000101000000010001
10101111101111101011101110101011111010101
10100000001000101000101000101010001000101
10111011111010101010101110101110101111101
10100010000010100010100010100000101000001
10101110111110111011111010111111101111101
10100010001000101010000010100000101000101
10111011101011101010111110101111101010111
10001000001000101010100010001000100010001
11101110111110101010101010111010111011101
10100010000010100010101000100010001000101
10111011101110101110111110101111101011101
10000010001000101010000010100000101010001
10111111111011101011111011111110101110101
10000000000010000000001000000000100000101
11111111111111111111111111111111111111111
