11111111111111111111111111111111111111111
10000000000000000000000000000000000000001
11101010101111111111101111101111101010111
10001010100000001000001000000000101010001
10111110111110101011111111101011101010101
10000010100000101000100000001010001010101
11101110111011101111111011111110101010101
10000010001010001000000000001000101010101
11101011111011101110111011101111101110101
10001000001000100010001010000010000010101
11111111111011111010101010101011101011101
10000000000010000010101010101000101000101
11111011111111101111101110111110101011101
10000010000000000010001000000010101010001
10111110101011101111101011101110101011101
10000010101000100010001000100010101000101
10101010111110111111111110111010111110101
10101010001000000000100000100010100000101
10101011101011101011101110111111101011101
10101000101000101010000010001000001010001
10111010101110111110111111101110101010101
10001010101000000010100000000010101010101
10111110101011101111111011101011101110101
10000010101010001000000000101000100010101
10111110111111101011111011101110111110101
10001000001000001010000010000010001000101
10101110101111101011111110101011101111111
10100010100010001000001000101010000000001
10101010111111111011111110111010101111111
10101010100000000000001000001010100000001
10101011111110101111101010101110111111101
10101000001000100010001010100010000010001
10111010111011101110111111101010111110101
10001010001000101000100000001010100000101
11111010111010111011111010101111101011101
10000010001010001010000010101000001010001
10111110111110111011101011101010111110101
10100000100000100000101010001010000010101
10101011111011101110111111111111101010101
10101010000000100010000010000000001010101
11111111111111111111111111111111111111111
