11111111111111111111111111111111111111111
10000000100000100010100000100000001000001
11111010101110101010101010101111101111101
10000010001000101000101010100000100000101
10111111111011101111101010101110111110101
10100000001000100000001010100010100010101
10111011111110101111111010111110101110101
10001000000000100000001010000000100010001
11101011111011111011111010111111101011101
10001010001010000010001010100010001000101
10111110101010111110101011101010111110101
10100000101010001000101010001010000010101
10101111101011111011101010111011111010101
10001010001000100010001000001000100010001
10111010111110101110111111111010111011111
10001010001000101010100000001010001010001
11101011101110101010111011101011101010101
10000000100010001010000010101000101010101
11111111101011111011111110101110101010101
10001000101000100000001000001000101010101
10101010101110101110101011111111101110101
10100010101000100010101000001000001000101
10111110111011111110111111101011101011101
10001000000010000000100000101010101010101
11101011111110111110101110101010101110101
10001010000010100000100010000010000000101
10111110111010111111111011111011111111101
10100010001010000000000010001010001000001
10101010111010111111111010101110101011111
10001010100010000010001010101000101000001
10111010101110111110101010101011101111101
10100010100010100010101010101010100000101
10101110111011101010101110101010111110101
10100010001000001000100010100000100010101
11111011101111111111111010111111101010101
10000000101000001000001010100010001000101
10101111101011101011101010111010111111101
10101000001010101000101010001010001000001
10111011111010101111101011101011101011111
10000000000010000000001000000000100000001
11111111111111111111111111111111111111111
