11111111111111111111111111111111111111111
10100000100010100000101010101000101000101
10101111101110111011101010101110101110101
10000010000000000000000000000010000010101
11101111101110101010101011101111101110101
10100000000010101010101000100000001000001
10101110111011101011101011111011101111101
10001000001010001010101000001010000000101
11101010111011101010111011111111101011101
10101010101010001000100000101010101000101
10101110101011101111111011101010101111101
10000010100010000010000000000000101000101
10101111101110111111111011111010111110101
10101000000010001000100000001010000010001
10111111101110101110101011111111101111101
10000010100010101000001000001000000000001
10111010101110111010101010111011101011111
10001000100010001010101010101010101000001
10101110101010111110101111101110111010111
10101000101010101000100000000000001010001
10111110101111101011101111111010111110101
10000010100010000010000000100010000010101
10111110111011101111101110111110111011101
10000010100010000010001010100000100000101
11101110111010111111101011111110111011111
10001000100010000000100010001000001000101
11101111101110101111101110111111111110101
10001000001000100010100000001000100010001
11101111111110111010101110111011111010111
10000010000000001010101010000010100010001
10101111111110111110101011101110111011111
10100000001000100000000000100000000000001
11101110111110111110111011111010111110111
10001000100000101000101000101010001000101
10101011111110101111101011101111111111101
10101010001010101000000000000000100010001
10111011101010101011101110111010101111101
10101010000000001010001010001010001000001
10101010111010111010101010101011101110111
10001010001010001010101000101010000000001
11111111111111111111111111111111111111111
