11111111111111111111111111111111111111111
10001010001000001000101010101010100000001
10111011101111101011101010101010111010111
10000010100000100010100010001000100010001
11101010101011101010101110111110111011111
10101010101010001000000000000010000000001
10111010111010111110101010101011101010111
10100000100010100000101010101000101010101
10111011111011111111111011111110101111101
10000000100000000010001010100000000010001
11101110111111111011101110111111101110111
10000010001010000010000000101000000000001
10111110101010111010111110101011111011101
10101010100010100000101010101010100000101
11101011111011111111101010101110111011111
10000000000000101000000010101000000010001
11111110111110101111111010101111101110111
10100010001000000000000010000000001000001
10111011111110111011101110101110101011101
10000000000010100010000000101000100000101
11111111101011111110111011101111101011111
10001010001000000000100010101000001000101
10111011111010101010101110101111101110101
10001000100010101010100010001010000010101
11101110111110101011111111111011101111101
10000000000000101010100010000000000000001
10101011101111101110111010111111111110101
10101010100010001000000000100000000000101
11111110111111111011111111111111101010101
10100010001000001010000000100000101010101
10101110111111101111111011101010101010111
10000000000000000000000000001010001010101
10111010111010111111101111111110101010101
10100010100010001000000010000010101010101
10111110111010101011101011101010111010101
10000010101010101010001010001000100010001
10111011101011111111101111111110111011101
10001010000010000000101000000000100010001
10101010101111101110111011101110111010111
10101010101000001000000010001000001010001
11111111111111111111111111111111111111111
