1111111111111111111111111111111
1000000000001010100000000000001
1110111111101010101110101011101
1000101000100010000010101000101
1011101110111010111110111111111
1010000000001000101010101000101
1111101110101011101011101011101
1000001000100000000000100000101
1111111011101111111011101111101
1000000010000000101010000000101
1111111111101110101110111111101
1000100010001000000000000000101
1110111010101110111011101011101
1000000000100010101010001000001
1110111010111110101010101110111
1000101010001000001010101010001
1011101111101111111111101010101
1000100000001010100000000010101
1011111010101010111110111011111
1010100010100000100010100010001
1010101011101110101110111011101
1010001010001000001000001000001
1011111110101011101010111011101
1010000000101000101010001010101
1111111011101011101111111010101
1000000010001000101010101000101
1011101011101111101010101011111
1010001010101000000000100000001
1010101010111010111011101110101
1010101000001010001000101000101
1111111111111111111111111111111
