1111111111111111111111111111111
1000000000001000000000100000101
1011111111111011111011101110101
1000100000000010001000001000101
1010101111111110101111111011101
1010001000000000101000000010001
1011111011101111101111111110101
1010000000101000001000000000101
1011111111101011111111101111101
1010000000101000100000001000101
1010111110101110101111111110101
1010001010100010100010000000101
1011101010111010101010111010101
1000001010000010101010001010101
1111111011111110111011101010101
1000000000000010000010101010101
1011101111111111111110101011101
1000100000000000100010001000001
1110111111111110101010111111111
1010000000100010101010100000001
1011111110101110101010101110111
1000000000100010001000100010001
1011111111111011111111111111101
1010100000000000000000000000101
1010101110111111111111111110101
1010000010000010000010000010101
1011111111111010111011101010101
1000100000001010100000001010001
1110101111101010111111111111101
1000001000000010000000000000001
1111111111111111111111111111111
