1111111111111111111111111111111
1000000000101000100000001000001
1111111011101011111011101011111
1000100000000010001010100010001
1010101110111110101010111011101
1010000010001000101010001000001
1111101011111110101011101010111
1000001000100000101010000010001
1111101111111011111111111010111
1000000000100000100000100010001
1111111110111011101111111010111
1000101000000000000010000010001
1110101110111110101010111010111
1000101000001000101010100010101
1110101111111110101011101010101
1010100000000000101000101010001
1010111111101111101111111110111
1000000000101010000000000010001
1010111010101011111011111110111
1010001010000000001000100000001
1111111110111011111010111010101
1000000000001000001010100010101
1111101111111111111111101110101
1000001000100000001000001000101
1010111010111011111111101010111
1010000010000000001000101010001
1110111111101011111011111011101
1000001010001000000010000000101
1011101010101111101010101110101
1010001000101000001000100010101
1111111111111111111111111111111
