1111111111111111111111111111111
1000000010000010000000001000001
1111111010111110111111111011101
1000000000100010100000001000101
1011111111101010101111101110101
1000001000001010100000101000101
1110101011111010111010101011101
1000101010001010001010101010001
1110101011101011101010101010111
1000101010001000001010101010001
1010101010111110111010101011101
1010100010000000001010100000101
1010111111111111101011111110101
1010000000000010101000100010101
1011111110111010101110101110101
1010000010001000100000100010101
1010111111101111111111111010101
1000100000100010001000001000101
1111101111111010101110101111101
1000000000000010100000101000001
1011111111111110111111101011111
1000100010000000001000001000001
1110101011111111101011101111101
1010001010001000101000100000101
1011111010101011101111111110101
1000000000101000100000001000101
1011111111101010111110101011101
1010000000101010100000101010001
1010111110101110101111111010101
1000100000100000100000001000101
1111111111111111111111111111111
