1111111111111111111111111111111
1010100000100000000000000010101
1010111110111011101111101010101
1010101000101000101010101000101
1010101110101011111010111110101
1000000000000010001010100010001
1111101010101010111010111011101
1010001010101010000000001000101
1011101011101110111110111011101
1000001010101000100000001010101
1111101010111111111110111010101
1000101010100000000000000000001
1011111110111010111110101011101
1000000000000010101000101000101
1110101010111111101110111011111
1000101010100000000000001000001
1110111111101110111011101011111
1000100000001000001010001000001
1110111110101011111111101011111
1000100000101000100000001000001
1111101011111011111010101110111
1000101000101000100010101000101
1011111011101011101011101110101
1000000010100000101010001010101
1011111010101011111111101010101
1000100010001000001010101000001
1011111110111010111010101110111
1010000000001010000010001000001
1010111110111110101011111110101
1010100000000010101010000000101
1111111111111111111111111111111
