1111111111111111111111111111111
1000000000000000000000000000001
1011111010111011101110111011101
1010000010001010000010100010001
1011101010101111101110101010101
1000101010100010001000101010101
1011111111101011101010101011101
1000000000101000101010101010001
1010101011111110101011101010101
1010101000000010101000101010101
1111101111101110111111111111101
1000001000001000000000100000001
1110111111101010111110101011101
1000100000001010001000101010001
1011101111111010111011111011101
1000100000001010001010000000101
1011111011111111101111101110111
1000001010000000000000100010001
1011101111101011111110111011101
1000100000101000001000100010001
1010101111101110111010111110101
1010101000000010100010000010101
1010101010101111101010111011101
1010101010101000001010100000101
1010101011111111111110111110101
1010101000001000000000001000101
1011101111101110101110111111101
1000100000100010100010001000001
1010111010101111111010111011101
1010100010100000001010100000101
1111111111111111111111111111111
