1111111111111111111111111111111
1010100010000000100010000000101
1010101111111110111011101011101
1010001010001000101000101010001
1011101010111010101011111010111
1000000000101010001000000000001
1111101111101110101011111010111
1000001000101010101010100010001
1111101110101010111110101011101
1010100010001010000010101010101
1010101110111010101110111010101
1000001000100000101000000000101
1111101110111011111011101010111
1010000000001000000010101010101
1011101110111011101010111111101
1000001000100000101010001010001
1011101110101011111110111010111
1010001000001010101000000000001
1110111110111010101110111111111
1000100000001000000000000000101
1010101110101010101011101011101
1010101010101010101000101000101
1010111010111110101111111111101
1010100000100010100000001010001
1010111010101110111011101010111
1010100010000010001000100000101
1010101010111011101110111010101
1010101010001000100010101010001
1011111010111011111010101011101
1000100010100000100010001010001
1111111111111111111111111111111
