1111111111111111111111111111111
1000000000000000000000000000001
1010111011111010111110101110101
1010100000100010000010100010101
1111111011101110111011101011101
1000000000100010001010001000101
1011111011111111111110111111101
1010000000000000000010000000101
1011111010101010111010101010101
1010000010101010001010101010101
1010111110111011101111111011101
1010001000001010000000001000101
1011101111111110101011101010101
1010000000000010101000101010101
1010101110111010111010111010101
1010101000100010100010100010101
1010101010111111101011111110101
1010101010100000001000001000101
1010111011101110101110101010101
1010100000100010100010101010101
1110101110111010111111101011101
1000101000001010000000101010001
1110111010111110101011111111101
1000100010001000101000000010001
1110101011101110101110101011111
1000101010000010101000101000001
1010111110111011111011101111101
1010100000100010000000100000101
1010111111111110111011101010111
1010000000001000001000101010001
1111111111111111111111111111111
