1111111111111111111111111111111
1000000000000000000000000000001
1010111110111011101111101111111
1010000010001010000010000000001
1110101010111110101011101011111
1000101010001000101010001000001
1010101011101111101110111111101
1010101000100000100010000000101
1110111010111111111011111110101
1000100010000000001010000000101
1011111110111010101110101111101
1000100000100010100010100000101
1010111111111111101111111110101
1010000010000000000000000010101
1010101011101011101011111111101
1010101000101010001010000000001
1011111111101011101111101111101
1000100000001000101000000010001
1110101111111110111010101011111
1000100010000000100010101000001
1011111111111011101011101011101
1000000010000010001000101010001
1010111010101111101011111010101
1010001010101000001010000010101
1010101111111110111010101010111
1010101000000000100010101010001
1010111110101111101011111010111
1010000010100010001010000010001
1010111011101011101111101011101
1010100000101010000010001010001
1111111111111111111111111111111
