1111111111111111111111111111111
1000101000100000000000100000001
1010101010111111101110101011101
1010001010001000100010101000101
1011111011101010101010101110111
1000001010101010101010100010001
1011101010101010101011111011101
1010001010100010101010000000101
1010111010111110111010111111101
1010100010000010001000100000101
1110101110111111101111101110101
1000101000100000100000100010101
1011101011101011111110111010101
1000101000001000000010001010001
1110101111111111101011111011111
1000100000001000001010000010001
1010111111101011111010111110101
1010100010001010000010000000101
1011101010111011111011101111101
1010001000100000001000101000001
1010111111111110101110111011101
1010101000000010101010001000101
1010101011101011101011101110101
1000101010001000001000000010101
1011101010111111111111111010101
1010000010000000000000001000101
1011111111111111111011101111101
1000001000000000001010001010001
1111101011111111101110111010111
1000000010000000000000100000001
1111111111111111111111111111111
