1111111111111111111111111111111
1010000010001000000000001000001
1010111010101111111111101011101
1000100000100000001000100010001
1110101110111111101010111110111
1000101010100010000010001000101
1110101010101010111111101011101
1000100010001010100000001000001
1011111111111010111111111111101
1000100000001010000000000000101
1111101111101011111011111110101
1000100010001010000010000010001
1010111010101011111110111011101
1010100010101000001000100010001
1010101110111111101011101110111
1010001000100010001010000010001
1011101111101010111011111111111
1010101000101000001000000010001
1010101010101111111011111011101
1010001010001000100010001010001
1011101011101110101110101010111
1000101000101000100010100010001
1110111110101011111110111111101
1000000010101000000010000010001
1111101010101111101011101010101
1000101000101010001000001000101
1010101111101010111111111110111
1010100000100010100000100010001
1011101110111110101011101011101
1000001000000000101000001000001
1111111111111111111111111111111
