1111111111111111111111111111111
1000000000001000001010100010101
1011111111111010101010101110101
1000101000100010101010001000101
1011101011111010111011101110101
1000000000100010001000001010001
1110111110101111111011111010111
1000100010000010000010000000101
1011101111101110111111101111101
1010000010001000101010000010101
1111101110111010101011111010101
1010001000100010100000001010001
1010101110101011111110111011101
1010100000101000100000000000001
1011111011101011111110111111101
1000001000101010000000001000101
1110111110101111111111101110101
1000000000000000001000101010001
1110101010111010111110111010111
1000101010001010001000100000001
1011101110101110111011101110111
1000100010100010101000000010001
1110101111111111101110111111111
1000100010000000001000100000101
1011101011111011111010101111101
1010001010100000000010001010001
1110111110101110101110101010111
1010000000000010101000101010001
1011111111101111111110101010101
1000000000000010000000100000101
1111111111111111111111111111111
