1111111111111111111111111111111
1000000000001000000010000000001
1111101011101011111010111111101
1000101000101010000010001000101
1010111110101011111111101010101
1010001010101010000000001010001
1011101010101010111111111011101
1000101010101010000010001000101
1110101010101011111110101110101
1000101000101010001000100000101
1011101110101010101011111111111
1010000000101000100010000000001
1011111111111011111110101111101
1010000000100010100000101000001
1010111110101010101110111011111
1000100010001010000010001010001
1011101011111011111111101010101
1000101000001010001000001000101
1110101111111010101011111111101
1010101000001000101000101000101
1010101011101110111110101010101
1010100010100010100000100010001
1010111110101010101111101111101
1010001000001010001000001000101
1011101011111110111011111010101
1000101000000010001000000010101
1010101110111011111111111110101
1010100010100010000000100010101
1010111010111110111110101010101
1010000010000000100000001000101
1111111111111111111111111111111
