1111111111111111111111111111111
1010000000100000000000000000001
1010111110111011111111111110111
1000100010001010000000100010001
1011101011101010111110101011101
1000101000101010101000101000101
1110101111101110101011101110101
1000101000001000100010000010001
1011101110111011101110111011111
1000100010100010100010001000001
1110111010101110111011111111101
1010001010100010001010000000001
1011101010111010101010111111101
1000101000100010101010101000101
1010101111101110101010101010101
1010100010001010101000100010101
1110111011101010101111111110101
1000001000001010101000000000101
1011101111111010101011101110101
1000101010000010100010001000101
1010101010111010111110111111101
1010100010101000100010000000101
1110111110101111111011111110101
1000100000100000000000000010001
1010101111111010111111111011111
1010100010001010001000100010001
1011111010101111101010101111101
1000001000101000001010100000001
1011101111101011111010111111101
1000100000000010000010000000001
1111111111111111111111111111111
