1111111111111111111111111111111
1010000010100010001010001000001
1010111110111010101010111111101
1000100000000000100010001000001
1110101110101111101010111110111
1000001000100000101010001000001
1010101111111011111110111011111
1010101010100000000000101000001
1010101010111111111010101010111
1010101000001000100010001010101
1011111010111010111011101110101
1010100010101010100000100010001
1010111110101011111011101110111
1000100010001000000010000010001
1111111010111011101110111010111
1000000000101010001000101000001
1010111110101110111010101110111
1010100000101000001010100000001
1010111011101110111111111011101
1010100000001010101000000010001
1110111111111010101110101111101
1010001010101000001000100010001
1010111010101111111110111011111
1000000010101000001010101000001
1111111010101110111010101110111
1000101000000010001010001000001
1010101010111110111010111010101
1010001010001000000010001010101
1110101011111011101110101111101
1000100000000000100000100000101
1111111111111111111111111111111
