1111111111111111111111111111111
1000101000100010000000000000001
1010101010101010111110111111101
1010101010001010001010000000101
1010101011111011101010111110111
1010001010000010001010100000001
1011111010111110111010111111101
1010000010100010101010000000101
1010111011101010101011111110111
1010001010001000100010001000001
1011111010111111101110101110101
1000000010000010001010101000101
1111101111111010111010101011101
1000100000001000101000101010001
1010101111101111101011101010111
1010101000101000001000100010001
1010101010101010111110111111101
1010101010100010100000100010001
1010101010101111101111111010111
1010001010100010000000000010001
1110111010111010101111111111101
1000100010001000101000100000001
1011111111101111111010101111111
1000000000101000000010100000001
1111101110101010111110101111111
1000101000001010000010101000001
1010101111111111111011101011111
1010100000100000000000001000001
1010111110101111111110111111101
1010000000100000000010000000001
1111111111111111111111111111111
