1111111111111111111111111111111
1010000000100010001000001010001
1011111110101110111011111010111
1010001000000010100010001010001
1011101110101010101111101010111
1000000000101000000010001000001
1011101010111110111111101010101
1000101010001000000010000010101
1010101010101010101110111111101
1010101010101010101000101000101
1011111110101010101110101011111
1000101000101010100000000000001
1011101110101111101010111011101
1000101000101010001010101000101
1011101110111010101110101011111
1010100000000010100010001010001
1010101110111111101111101111101
1000100010000010001010000000001
1011111011101111101010101110101
1000001010000010000010100010101
1110111111101011101110111111111
1000001010001000100010000000101
1110111011111011101110111011101
1000000010101010001010101000001
1010101110101011101010101011101
1010100010000010101000001010001
1011101111111110101110111011101
1010000010000010101000100000101
1111101111101110101110111011101
1000001000000000000010100000101
1111111111111111111111111111111
