1111111111111111111111111111111
1000000000000010101000101000001
1011101110101110101011101111101
1010101010100000000010100000001
1110101010111010101010111111101
1000101010100010101000100000001
1110101011111111111011111110101
1000101000000000000000100000101
1010111111111010111110111011101
1010000000000010100000000000101
1111101011111011101011111011101
1000001010001010001010000000101
1011101011101110111011101011101
1010001010000000100000101010001
1010111111111011111011101111111
1010101000000010000010000000001
1111101111111011101110101110101
1000101010000010101000100010101
1110101011101010111111101111101
1000000000001000100000000010001
1110111010111110111010111010101
1000001010101000100010001010101
1011101010101011101110111011101
1000101010100000101000100000101
1011111110111110101110111110111
1010100010101000101000000010001
1110101111101111111110101110101
1000000000000000001010101000101
1011101111101110111010101010101
1000100010001000000000101010101
1111111111111111111111111111111
