1111111111111111111111111111111
1000000000000000001010001010001
1011111111111111101010101010101
1010000000000000100000101010101
1110111111101110111110101010101
1000100000100010100010100010101
1011101110111010101110111010101
1010001010100010001010101000101
1010111010101111111010101011111
1010100010100000100010001000001
1010101110111011101111111111101
1010101000101000001000000000001
1010101011101111111011111111111
1010101000000000100010001000001
1010101111111110101110101011101
1000100000001000001000101000101
1111101111101011111011101110101
1000101000101000001010000000101
1010101011101111101010111111101
1010001000100000101010001000101
1111111110111110101111111010101
1000000000100000001000100010001
1010111111101111111010101111101
1010001000101000000010001000101
1011101010101011101111111110101
1010001010100010001000000010101
1010111011101111111011111010111
1010001000001000001000100010001
1010111010111110101111101111101
1010000010000000100000000000001
1111111111111111111111111111111
