1111111111111111111111111111111
1010000000000000001000101000001
1011111011111010101011101110111
1000101000100010101000100010101
1010101111101111101110101010101
1010000000100000101000001010001
1111111011111011111110111111101
1000001000001000000000001010101
1010101011101010101011101010101
1010101010001010101010000000001
1111101111101110111110101110101
1000000000000010000010101000101
1011111010101111111010111111111
1010101010100000100010001000001
1010101011111111111011111010111
1010000010100000001010001010001
1111111010111110101010101010101
1010000000000010100000100010101
1010111111111011101010101111111
1010000010100010001010100010001
1010101110101111111010111011101
1000100010100010101010001010001
1011101110101110101011101111101
1000100000100010001010100010001
1010111011111010111010101111101
1010001010001010000010001000001
1111111111101010111110111011111
1000000000000000001010001010001
1011111011111011111011101010101
1010000010000000000000100000101
1111111111111111111111111111111
