1111111111111111111111111111111
1000000010000000001010100000001
1111101110101110101010111011111
1000001000101000100000001010001
1010101111111011101011101010101
1010100010101000101000100000101
1111101010101011101011101011101
1010001000000010101010101010001
1011101110111010101010111010111
1010101000100010101000001010001
1010111110111110111111101111101
1000001000101000100000100010101
1011101011101010101110111110101
1010000010000010100010000010001
1111111011111010101011101111111
1010100000101010101000101000001
1010101110101010111111101110101
1000000010001010000000100000101
1111101111101010111111101110111
1000000000101010000000101000001
1111111010101010111111101111111
1000000010100010001000001000101
1111111111111111101110101010101
1000100010000000000010100010101
1011101110101111111010111110101
1010100010100010100000101000001
1010111011101110101011101111101
1000001000000010101010000010001
1010101011111010101010111110101
1010100000100010001000000010101
1111111111111111111111111111111
