1111111111111111111111111111111
1010000000100000000000100000001
1010111011101111111010101111101
1000100010001000001010100000101
1011101110111010101010111110101
1010101000101010101010001000101
1010101011101010111011101011111
1010100010000010100010101000001
1010111111111010101110101111101
1010001000001010101000100000001
1010101011101110101110111111101
1000100010101000100010100000001
1111111110101011111010101111111
1010000000100010000010101000101
1010111011111010111110101010101
1000100010000010100000101010001
1111101010111110101011101011101
1000101010001000101000101000101
1010101110111011101110101110111
1010001000100010001000100010001
1011101011101110111011111011101
1000101010100010001000001000001
1010111010111010111111101011101
1010001000001010100000100010101
1111101111101010101110101110101
1000100010001010101010100010101
1010111010111011101010111110101
1010000010001000100010000010101
1011111111101110111011111010101
1000000000000010000000001000101
1111111111111111111111111111111
