1111111111111111111111111111111
1000000010001000001000001010101
1011101010101010101010101010101
1010001000100010100010100000001
1110111111111111111111111111111
1000100000001000100000000000001
1010111010101011101110101111101
1010100010101000101010100010001
1110101110101110101010101111101
1000100010100000000010100010001
1010111111111111111111111111101
1010100000101010100000000010001
1011111011101010101011111010101
1000100000100000101000100010101
1110101011111011101110111110101
1000001000100010101000100010101
1010101011101110101010111010101
1010101000100000101010100000101
1011111110111011101110111010101
1000100000000000001000000010101
1011101111111111111111111110111
1010100000100010101000100010101
1010111110111010101011101010101
1000100010100010000000001000101
1110101010101010101110101011101
1000101000101010101000101000001
1110101110111010101111111110101
1010100010100000101000000000101
1010101111111010101011101010101
1000100000100010101000101010101
1111111111111111111111111111111
