1111111111111111111111111111111
1000000000000000000000000000001
1011111111101010111110111010111
1000000010001010100000001010001
1011111111111111101011101011101
1000000000000010001010001000101
1110111011101010101011111010101
1000001000101010101000100010101
1010101010101010111010111110111
1010101010101010001010000010001
1010101111111110101010101010101
1010100000001000101010101010101
1111101010111011111110101111101
1000001010001000001000100000101
1011111011101110101010111011101
1010000000100010101010100010001
1010111110111010111010111011101
1010000010001010001010001010001
1110101010101010101011101011101
1000101010101010101010001000101
1011101111101011101111101011101
1000101000001010000010001010001
1010111111111011111011111110101
1010100000000000100000000010101
1010101010101011111010101010101
1010101010101000001010101010101
1010111111101111111011111111101
1010001000000000001000000010001
1011101010101110111011101111111
1000101010100010100010000000001
1111111111111111111111111111111
