1111111111111111111111111111111
1000100010100010100010100000001
1110101010101010111010101010101
1000001010101000100000101010101
1011111010101011101110111011111
1000100000101000000010000010001
1111111011101011101110101010111
1000001000101000100010101000001
1011101110111111111010101111101
1000100000100000000010100010001
1110111111111011111111111110111
1000100000101010000010101010001
1110101111101011101010101010111
1010000000100000001010000000001
1010101011111011111110111111111
1000101000000000000010000000001
1011101110111111111110111111111
1000101000101000101000100000101
1111101111101010101010101111101
1000000010100010000010100000101
1011101110111110111111101010101
1000100000100000100000101010001
1011111010101110111110101111111
1000100010101000100000100010001
1011111111101010111010101111101
1000100010101010000010101010001
1110101010101111111011101010111
1000001010101010100000000010001
1110101110101010101110111010101
1000100000101000000010100000101
1111111111111111111111111111111
