1111111111111111111111111111111
1000001000000010101010001000101
1111101011111110101011101011101
1000000010000010101000100000101
1110111010101110101010101111101
1000101010101000101010001000001
1111101011101110101111101111101
1000000000101010001000100000101
1111111010101010111110101111101
1000100010101010001000001010001
1011111011101010111110111010101
1000000010101010100000100010101
1011111010101010111011111011101
1010100000100010001000001010001
1110111010101110111011111010101
1010000010001010000000001010101
1011101110101011101111111010111
1000000010101010100010101000101
1010111111101010101110101011101
1010100010101000000000000000001
1111111010101011101111111111111
1010100000000010101010101000101
1010111111111110101010101011101
1010000010100010000000000000101
1011101110111010111110111010101
1000000000000000001000001010001
1010111010111111101111111110101
1010100010001000000000001000101
1011101010101010111011101110111
1000101010101010001000101000001
1111111111111111111111111111111
