1111111111111111111111111111111
1000000000001000000000100000001
1111101011111011101011101111101
1000001010000010001010000010001
1011111110111110111110111110101
1000000000100010000010100000101
1011111111101011111010101011111
1010000000001010001000101010001
1010101111111010111111101110101
1010101000100000100000101000101
1010101010101111101110101011101
1010101010101000101010100010001
1011101010101010101010101110101
1000001010001010001010101000101
1011111111111011111010101011101
1010000000000010000010101000101
1010111111111110111010101110111
1010001000100000001010101010001
1011101011101111101110101011101
1010001000001000001000101010001
1110111011111011101011101010101
1000100000001010001010101010101
1011111111101011111010101010101
1000001000001000000010000010101
1011101111111110111111111010101
1000100000000010000000001010101
1110111111111011111111101010111
1000100000001000100010001010001
1011111111101110111010111111101
1000000000000010000010000000001
1111111111111111111111111111111
