1111111111111111111111111111111
1000100000000000000000100010001
1010111111101111111110101010101
1010000000100000100010001000101
1011111110111111101010111111101
1000001010001000101010001000001
1111101011101010101111101011111
1000001000100010001000001000001
1011111110111111111111111111101
1000100000100000001000000010001
1110101010101011101011111010101
1010101010101000100010100010101
1010101010101110111110101110101
1000101010100010100010001000101
1011101010111010101110111011111
1010001010100010100010000010001
1010111010111110101011101110101
1010100010100010101000001000101
1011101110101010111111101011101
1010001010001010100000101010101
1010111011111010101110111010101
1010001000100010100010100000101
1011101010101110111010101111101
1000001010100010100010001000001
1111111110111010101111111011111
1000000010100010001000001000001
1011101010101111111011101011101
1010001000100010000010101010001
1010111111111010111110101110101
1010000000000000100000000000101
1111111111111111111111111111111
