1111111111111111111111111111111
1000100000100010000000000000101
1010111010101010111111111010101
1010001010101010100000001010001
1011101010111010101110101011111
1010001010000010100010100010001
1010101010111110111011111111101
1010100010001000100010001000001
1010111111101011101110101011101
1010001000001010001000101000101
1111101011111011111111101110111
1000001000001000000000101000001
1011111111111110111011101111101
1000100000000000101000101000001
1010111110101111101010101011111
1010000010101000101010001010001
1111111010101010101111111010101
1000000010101010100000001000101
1011111110101010111111101011101
1000000010100010100000001000101
1111111010111010101111111110101
1000000010100010101000000000101
1011111110111110101011111111101
1000100010000010000000001000001
1010101111111011111111101011111
1010100000001000100000101000001
1010101111101110111110101111101
1010100000100000000000101000001
1010111111111111111111111011111
1010000000000000000000000000001
1111111111111111111111111111111
