1111111111111111111111111111111
1010101010100000000000000010001
1010101010111111111010111010111
1000000010001010100010001000001
1011101110111010111011111011101
1010000000100000100010001000101
1111111011111110111010111111101
1000100010000000000000000000101
1010111011111110111111101110111
1010101010000010100010000010001
1011101011111010111011111111111
1010100000100000000000100000001
1010101011101110111111111011111
1000101010001010000010101000001
1110111011111010111110101011111
1000000010001000000000000000001
1110111010111011111111101110111
1000100010000000001000100010001
1110111110101110111011101110111
1000000000101000000010000010001
1010111011101110111011101010111
1010100000100010101010101010001
1011101111101011101010111111101
1000100010001010000000001000101
1110101011111011111110111011101
1000101000100000100000101000101
1010111110101010111010101011111
1010001000101010101010000010001
1110111110111111101110101110111
1000000010100000000000100000001
1111111111111111111111111111111
