1111111111111111111111111111111
1010100000001000001000001000101
1010101010101011101011101011101
1000001010101000101000101000101
1011111110101111101011111011101
1000100010101000001010001000001
1010101010101011111011101110101
1010001010100000001000000000101
1111111110111111111111101111111
1000000000100010000000000010001
1111111110101110111111101110111
1000000000100000001000100010001
1111111110101010111010101010111
1010100000101010001010001010001
1010101110111010111111111011101
1000101000100010001000100010001
1011111110111011101110101110101
1000000000000010001000000000101
1110111010101111101110111011101
1000100010100010001000100010001
1111111110111010101110111111111
1000000000100010101000000000001
1011111111111111111111111111111
1000001000001010101000001000001
1111101010101010101011111110111
1000001010101010101000000000101
1011111110111010101110111110101
1000100000001010001000101000001
1010101011111010101011101111101
1010001000000000100000001000001
1111111111111111111111111111111
