1111111111111111111111111111111
1000000010000000000010000000001
1011111110111111101010111110101
1000000010000010101010100010101
1011111011111010101110101010111
1010001000001010100010001010001
1011101011111010111011111011101
1000001000001010001000000010001
1111101111101010111111111111111
1000101000100010100000100000001
1010101110111110101010101011111
1010101000100010001010101010001
1110101010101110111011101010101
1000100010100000001000001000101
1010111110111111101111101111101
1010001000100000101000100000101
1011111011101110111010111111101
1000000010000010100010000000001
1011111110111010101111111111101
1010000010100010100000000010101
1010101110101110111111111010101
1010101000101010100010000010001
1010101011101010101010111110111
1010100000101000001010100000101
1010111111101111111010111011101
1010001000100010001010001000001
1011111010111011101010101111101
1000100010100010001010101010001
1110101110101110111011101010111
1000001000001000000000001000001
1111111111111111111111111111111
