1111111111111111111111111111111
1000000000000000000000000000001
1010101010101011101110101010101
1010101010101000101000101010101
1110111110101010101111111110101
1000100000101010100000000010101
1010111010111110101110101011111
1010001010100000100010101000001
1010101110101110101011111011101
1010101000100010101010000010001
1011111110111011111111101110101
1000001000100000001000001000101
1110101011101010101110101010101
1000101010001010101000101010101
1111101011101111101110101011101
1000001000100010000010101010001
1011101111101011111010101011101
1010000000101010000010101000101
1110101011101011111110111110111
1000101000101010000000000010001
1011111010111110111110101110101
1010000010001000000010100010101
1010101110111110111110111111101
1010101000001000000010000000101
1010101110101111111010111111111
1010100010100000100010000000001
1010101011111111101011101011101
1010101000001000001000101010001
1010101110111011111010111111111
1010100010100010000010000000001
1111111111111111111111111111111
