1111111111111111111111111111111
1000001000001000000010000010001
1011101011101011111011101011101
1010101010001000001000001000101
1010101010111111101111111110101
1010100010000010001000001000101
1010111111111011101110101011101
1000100010001000100010100010001
1011101010101110111010111110101
1000101010100000101010001000101
1110101010111110101011101011101
1000101000100010101000100000101
1011101111101010101110111110101
1000101010001000100010100010101
1110101010111011101110101010111
1000100010001010001000101000001
1011111011101110101011111111101
1010000010101000101000001000101
1011111110101011111111101010101
1000001000101000000000101010101
1110111010101111111110101010101
1000000010100000100000101010101
1011111110111110111010101011101
1010000010100000100010001000101
1010111010111111101111111110101
1000100010100000100010000000101
1111101110101011111010111110101
1000100010001010001010001010001
1011101011111010101011101010111
1000001000001000100010000010001
1111111111111111111111111111111
