1111111111111111111111111111111
1010000000100000100000100000001
1011111110101111111110111011111
1010000010000010101000100000101
1010101110101010101110101010101
1010100000101000101000101010101
1011101111111110101010101111101
1010100010100000100010101000001
1010101010111011111011101110101
1010001000100000100000100000101
1011111111111110111011111110111
1010000010100010100000100000101
1010111010101010101110101010101
1010001000001000000010101010001
1011111110111111101110111111101
1010000000000000100010000000001
1011111110111111111111111111111
1000100010100000001000000010101
1010111010101111111111111010101
1010100000100000001000100010101
1010101110111010101110101010101
1010000010100010100000001010101
1010111111101111111111101110101
1010100000100000101010000010101
1010111010111110101010101110101
1010100010001010001000100010101
1010111110101010101110111010101
1010000010100010101000100010101
1010101010111010101110101110101
1010101000100000101000100000001
1111111111111111111111111111111
