11111111111111111111111
10000000100010000010001
10101010101010101111101
10101010001000100010001
11111111111011111111101
10100000000000100010001
10111111111110111010111
10001000001010101000101
10101011111010101010101
10101010000000100010001
10101010101010101111101
10100000101010100010001
10101011111111101110111
10101000101000100010001
10101011101011101011101
10101000000000001010101
11111111111110111110101
10000000001010100010001
11101010111010101010111
10001010001000001010001
10111010111011111010111
10001010000000001010001
11111111111111111111111
