11111111111111111111111
10001000101000001000101
10111110101010101110101
10001000101010100000101
10111011101110111110101
10000000001000001000101
11111111101111111011101
10000010001010001000101
11101111101011101110101
10000010001000001000101
10111011101011101011101
10100010001010000000101
10111110101011111011101
10000000100010000000001
11111111111111111011101
10001000001000001000101
11101011101110111011101
10000010001010101000101
10111111101010101110101
10100010001000000000101
10101110111110111011101
10000010000000001000101
11111111111111111111111
