11111111111111111111111
10001010100010000010101
10111010111010101010101
10101010001010101010001
10101010101011111010101
10001000100000000000101
10111010101111101110101
10001010100010100010101
10101010111010101010101
10101010100010001010101
10111011111111111111111
10001000000000100010001
10111010111110101011101
10101010001000101000001
10101011101111101111101
10001010100000100010001
10111010101111111011101
10000010001000100010001
11101010101011101110111
10101010101000101010001
10101010101011101011101
10001010100000000010001
11111111111111111111111
