11111111111111111111111
10100000100000000000001
10101111101010111111111
10100010001010100010001
10111011101011101010101
10001000101000101000101
10101110111110101111101
10100010000010000000101
10111111111011111111101
10100000001000000010001
10101110101111111010101
10000010100000101010101
11111110111110101010101
10000000100010001000101
10111011111010111111101
10100010001000100000101
10111110101011101110101
10100000101000101000101
10101111101111101011101
10101010001000001000101
10101010111011111110101
10000010000000000010001
11111111111111111111111
