11111111111111111111111
10001010101010000010001
10111010101011101111101
10100000000010000010001
10101111101010111110111
10000010101010001000001
11101110111110111010111
10001000100010000010001
10101110111011101111111
10100010000000001000101
10111111101111101011101
10001010000000100000001
10111010111111111010101
10101010001000001010101
10101010111011101111111
10000000000000101010101
10111011111110111010101
10001010100010001000001
10111010111010111110101
10101000000010000010101
10101011101110111110111
10001000100010000000001
11111111111111111111111
