11111111111111111111111
10001010100010101000101
10111010111010101010101
10000010000000001010101
10111111101111101110101
10000010001010001000101
10101011101011101010101
10101000000010000010001
11111111111111111110111
10001010100000101010101
10101010101110101010101
10100010001000101000001
11111011111110101111101
10000000000000100000001
11101111111011111011111
10000010001000100010101
10111110101011111010101
10000010101000100000101
10101010101110111010101
10101010100000000010001
11101111111110111110111
10000010000000100000001
11111111111111111111111
