11111111111111111111111
10000000000010000010101
11101011111010111010101
10001010100000001010101
11101110111010111110101
10101010100010000000001
10111010111011111111101
10000000001000001010001
11111110111011111011111
10000010000000000000101
11101010101010111011101
10101000101010001000001
10111010111010111011101
10101010100010100000101
10101111111011101010101
10101000000000101010101
10101110111010111010101
10000010100010001010101
11101011101110111111101
10001000001010001010101
11111010101010111010111
10000010100010000000001
11111111111111111111111
