11111111111111111111111
10101010100000000010001
10101010101111111011101
10100000001000000010001
10101111101111101111101
10101010001000100010001
10101010111110101110101
10101000001000000000101
10101011111110101111101
10101000001000100010001
10111011111111111111111
10101000100000101010001
10101011101010101011101
10101000101010101010001
10101010101111101011101
10001010000010001010101
10101110101010101010101
10100000101000101010001
10101111111110111010111
10101000100000001000001
10101010101010111010101
10101010001010000010101
11111111111111111111111
