11111111111111111111111
10000000001000100000001
10101011101011111010101
10101010001000000010101
11101110111011101111101
10000010000000100010001
11101111111111101111111
10100010001000000000001
10101110101011101010101
10000010100010001010101
11101111111111111110111
10000010001000000010001
11101110111111101111101
10000010001000101010001
11111011101011101011101
10000010100000100010001
10111010101011111010101
10100010001000000010101
11101110111111101111101
10000010001000100000001
11101110111010111010111
10000010001010000010001
11111111111111111111111
