11111111111111111111111
10000000100000000010001
11101110101011111010101
10001010101010100010101
10111010101010101110111
10001000101010001000001
10101011111010111011101
10101010000010100010001
10101010111110101110101
10101010100000101000101
11101010111011111011101
10001010001000001010101
10111010101111101010101
10100010100010100010001
10111011111010111110111
10001010001010000010001
10101010101010111011101
10101000101010001010001
10101111101010101010111
10100000101010101010001
10111110101010101111101
10001000100010100000001
11111111111111111111111
