11111111111111111111111
10001000101010001010001
11101011101011101011101
10000000000010000000001
10111111111011101011101
10001000001010001010001
10111110101011111111101
10001000100000000010101
10111111101110101010101
10001000000010101000101
10111011101010101111101
10001010001010100000001
11111111101111111111111
10000010000000001000101
10101010111011101110101
10101000100010001010101
11101010111010111010101
10001010100010000000001
11111011101111111111101
10000000100010001010101
10111011111011101010101
10001000100010000000001
11111111111111111111111
