11111111111111111111111
10100000000000100010001
10101111111110101010101
10001000000010101010101
10111011111010101011101
10001010001010001000101
10101010101011111010101
10101010101000100010001
11101011101110101111111
10001010001000101000001
10111010111011101011101
10100010001010001010001
10101111101011101010111
10100010000000101010001
10111011111110111011101
10001010000010001010001
11101010111010101110111
10001010100010101000101
10111010101110101011101
10100010101000101000101
10101011101011101110101
10001000001000100000001
11111111111111111111111
