11111111111111111111111
10000000101010000010001
11101011101011101111101
10001010000010100010001
11101010111010101010111
10001000101010101000101
11101111101110101111101
10000010000000000010001
11111011101111111010101
10100000000000101010101
10111110111111101010111
10001000100010100000101
10101110101010101111101
10101010001010100010101
11101010111110101110101
10001000000010001000101
10111011101111101011101
10001010100010000010001
10111110111110111110101
10000000000000000000101
11111011101110111011101
10000010001000001010001
11111111111111111111111
