11111111111111111111111
10000000000000101000001
10111111111110101011101
10100000000010100010001
10111111101010101110111
10100000001010100010001
10111111111010101111101
10001000000010101000001
11101011111110101011111
10001000100000101000001
10111110101111111111101
10000010100000000000101
11111010111111111110101
10100010100010001000101
10101110101110101011101
10001000101000101010001
10111011101011101010101
10000010001000100010101
11111110111010111111101
10000010100010000000001
10111010111111101011111
10001000000000001000001
11111111111111111111111
