11111111111111111111111
10001000101000001010001
10101011101110101010111
10101010101010100000101
11101010101011111110101
10000000000010000000001
11101110111011111011111
10001000101010100010101
11111011101010111010101
10000010100000101000001
11111110111011101010111
10101000000000100010001
10101110111011101011111
10101000101010001000001
10101011101011101111111
10000010000000001010101
11101011101110101010101
10001010000010100000001
11101111111110101010111
10101000000000101010001
10101111101010111011111
10000000101010001000001
11111111111111111111111
