11111111111111111111111
10000000000000000000001
11101011101110111010101
10001010001000100010101
11101010111011111110101
10001010100000000010101
10111010101111101111101
10100010100000100000101
10101010101110101011101
10101010100010101000101
10101110101010111110101
10100010101010100000101
10101010111111101011101
10101010000010001000101
10101111111011101110111
10101000000000101000001
10101111111011111010101
10101000000000001010101
11101111101011101110101
10001000001010001000101
10111111111011111011111
10000010000000001000001
11111111111111111111111
