11111111111111111111111
10100000000010101010001
10111010101010101010111
10000010101000000000001
11111111111111111110111
10001000000000000000101
10101111101111111110101
10101010000000100000101
10111010111110101010101
10100000000010101010101
10101010111010111110101
10001010001010100010101
11101011101010101110101
10001010001010100000101
11101111111110111111101
10001000101000001010001
10111110101010101010101
10001010101010101000101
11101010101011101010101
10001000000010000010101
10101111101111111111111
10101000000000000000001
11111111111111111111111
