11111111111111111111111
10000000000010000010001
10111011111011101011101
10100010000010001000001
10101110111110111111101
10101000100000000010001
10101110111111111010111
10100010000000000010001
11111011111111111111101
10000010000000100010001
10111010111110101011101
10001010101000101000101
11101010101011101110111
10001010101000101010001
10111110101110101011101
10000000000010000010001
10111111111111111010101
10000010100000001010101
11111010101111101010101
10001000101000001010101
10111111101011111110101
10000000001000000000101
11111111111111111111111
