11111111111111111111111
10000000100010001010101
11111011101111101010101
10001000100010000000001
11101011111011101110111
10000010001010100010101
11111011101010101010101
10100000001000001010101
10111111101110101111101
10000000001000101000101
10111110101011101011101
10101010100000100000001
11101010111011111011101
10100000001000001010101
10111011111010111110101
10000000100010001000101
11111010101010111011111
10000010101010100000101
10111011111011101111101
10101000101000001000001
11101010101011101110101
10000010100000100000101
11111111111111111111111
