11111111111111111111111
10000000001010000010001
10111111101010111010101
10100010001000001010101
10111010111011101010101
10001000100010001000101
10101111101111111111111
10101000100000100000001
11101010111110101111101
10001010001000100010001
10101111101011111010111
10101000001010001010001
10101010111010101011101
10100010000010101000101
10111111111111101110101
10000010000000100010101
11111010111011111010101
10000000101010001000101
10111111101010101111101
10000000101000100000101
11111010101110111110101
10000010000010000010001
11111111111111111111111
