11111111111111111111111
10000010000010000000101
10111110101111101010101
10101000101000101010101
10101110111110111110101
10001000000010100010001
11101110111110111011101
10100000000010001000001
10101111111010111110101
10000010001010101010101
10101011101010101011101
10101010000000000010001
10111110111110111010101
10100000001000100000101
11111111111010101110111
10001010000010101000001
11101010111011111010101
10100000001000100010101
10101011101011101011101
10001000101010001010001
10101010111111101011101
10101010001000001010001
11111111111111111111111
