11111111111111111111111
10000000000000000000001
10101011101110111011111
10101010001000100000001
10111011111010101111111
10001010000010100000001
10111110111010111010101
10001000001010001010101
11101111111111101110101
10000000000000100010101
10101111101011111111101
10100010001000100000001
10101011111110111111101
10101000001000000010001
10111111111011111110111
10000000001010000000001
10111110111011101111101
10100000001000101000001
10111010111110101111101
10001010100000100010001
10111111111111111010101
10000000000010000010101
11111111111111111111111
