11111111111111111111111
10001000000000100010001
10101111111010111011101
10100000100010000010001
11101110111010111011101
10001000100010101010001
11101010101010101010111
10001010001010100010001
11101111111110111110111
10001000100000001010001
10111011101111101010111
10101010000010001010001
10101010101010101011101
10001000101010100010001
10111110111110111010111
10001000000010001000001
11111111111011111111111
10100000001000000010101
10101010101011111010101
10101010101010100010101
10101110111010101010101
10000010000010001000001
11111111111111111111111
