11111111111111111111111
10101000001000000000001
10101110111010111111111
10000000100010001000101
11101111101011101011101
10000000001000100010001
10111111111110101110101
10000010001000100000101
10101111101011111010101
10100000001000100010101
10111111111010111010101
10000010101010100010101
10111110101110111010111
10101000000000100010101
11101011111111101111101
10100010000010100000001
10111011101010111111101
10100000001010100000101
10111010101010111011111
10000010101010001000101
10101111111011101010101
10100000100000000010001
11111111111111111111111
