11111111111111111111111
10000010000010100000101
11111010111110101010101
10001010000000101010101
10101011111010101011101
10100010001010001000001
10111111101011111011111
10000010100010101010001
10101110101010101010101
10100000001010000000101
11111111111011111111111
10101010101000100010001
10101010101110101111101
10100010101000100010001
10101110101110101111101
10100010000000100010001
10101111111110101110111
10001010100000100000001
10101010101110111011101
10100000001000101010001
10101110111110101010111
10100010001000000010001
11111111111111111111111
