11111111111111111111111
10000000100010000000001
10111110111010111111101
10001010001010100010001
11101011101010101010111
10100010001010101010101
10101110101010101110101
10001000101010001000101
11111011111011101011101
10000000000000101000001
10111111111110101011111
10001000000000101010001
10101011101110111010101
10101010101010001000101
10101010101011101111101
10101000100000100000101
11101011111111111110101
10001010000000001010101
10111110111111101010101
10100010000010001000001
10101011111110111111111
10001000000000000000001
11111111111111111111111
