11111111111111111111111
10000000000000000000001
10111110111111111111111
10100000000000000000001
10111010101110111110101
10001010100010001000101
10111011111111111011101
10001010000000000000101
11101010111011101111111
10001010100000100000001
11101010101011111011111
10001010101010000000001
11101110111111111010101
10000010000000001010101
11101111101011111111101
10001000001000001000001
10101010101011101010101
10101010101010001010101
11101011111011111010101
10001010000000100010101
10101010111010111111101
10101010100010000010001
11111111111111111111111
