11111111111111111111111
10000010100000001000101
11101110111110111110101
10001000001000001000001
11101110111110111010111
10101000001000000010001
10101110111010111110111
10001000100010000010101
11101011111110101011101
10001010101000101000001
10101010101010111110111
10100000101010100010101
11101111101011101111101
10100010000000100010001
10101110101010101110101
10100010101010000000101
10101110111111111110111
10000010101010001010001
11101010101010111011111
10001010001010100010001
10111110111010101110111
10000000000000000000001
11111111111111111111111
