11111111111111111111111
10000010000000000010001
10111011111010101110111
10100000001010101010001
10111110101110111011101
10000010101000100010001
10111011101010101110101
10001000100010101000101
11101110111110101111101
10101010100000100000001
10101010111011111011111
10100010001010001000001
10111011101110101111101
10000010101000100010001
11111110101011111010111
10001000100010000000001
10101010101110111111101
10100010100010100000101
11101110111011101111101
10001000001010000010001
10111111111010111110111
10000000000010000000001
11111111111111111111111
