11111111111111111111111
10000000000000000000001
10111010111011111111101
10001010001000000000101
10111110111010111011101
10000010001010001010001
11101011101011101010101
10001000101010001010101
11101011111111111110101
10001000100000000000101
10101110111010111110111
10100010100010000010001
10101110101011111011101
10100010101000100000101
10111011111110111111101
10001000100000100000001
11101111111110111111101
10001000000000000010001
10111110111111111011101
10001000000000001000101
11111110111111111111111
10000000000000000000001
11111111111111111111111
