11111111111111111111111
10000000001000000000001
10111011101110101111111
10001010101010100010101
10101110111010111110101
10101000001000101010001
10101110111110101011101
10101010100000001000101
11101010101010111110101
10101000101010100000001
10101010101111101110111
10000010100010001010101
10111011101110111011101
10001000000000100000001
10111111101010111011111
10101000001010000000001
10101011111111111010101
10100010100010101010101
11101110111010101011101
10000000001000100010001
10111010111110101110111
10100010001000000010001
11111111111111111111111
