11111111111111111111111
10000000000000000000001
10111010101111111111101
10001010101000000000001
11101011101011111010101
10001010001000001010101
10101011111110111111111
10101000100000000000001
11111010111010101111101
10000010001010100010001
10111110111110101110111
10100000100000100010001
10101011101011111111101
10101010001010000000001
10101011111111111110101
10101000000000001000101
11101111111110111111101
10000010000000000010001
10111011111010111010101
10001000100010001010101
10111010101011101011101
10001010101010001000101
11111111111111111111111
