11111111111111111111111
10000000000000000000001
10111111111111101011101
10000010000000001000101
10111111111110101010101
10000000000010101010101
10101011101111101110111
10101010001000001000001
11111110111010101011101
10000000001010101010001
10111010111010111110101
10100010001010100000101
10111111111010111011111
10000000001010001000001
10111011101011101110111
10001000101010000010001
10111110111010111111111
10100000001010000000001
10111111101111111010101
10000010000010000010101
10101010101110111011101
10101010101000100000101
11111111111111111111111
