11111111111111111111111
10000000000010001010001
11111011111011101010111
10001010001000100000001
10111111101010101010111
10101010100010001010001
10101010111111111010111
10100000100010001010001
10111110101110111110111
10000000000000000000001
10101111101010111010101
10101000001010101010101
10111110111010101011101
10001000001010001010001
11111111111010111011101
10000010100010100010001
11111010111011111011111
10001000000000100000001
11101010111011111011101
10000010100000001010001
10111011101011111011101
10100010001000100000101
11111111111111111111111
