11111111111111111111111
10001000101000001000001
10101010101011101011111
10100010100010001000001
11111110111110111111101
10000000100010000000001
10101111101011101011111
10100000001010001000001
10111111111010111111101
10000000100010001010101
11111110111111101010101
10000010100000001010101
10101010101011111010101
10101010101000000010001
10111010101111111110111
10100010101000100000001
10101110101010111111101
10100000001010100010001
10111111101011101011101
10101000001000101000101
10101011111110101110101
10001000000000001000101
11111111111111111111111
