11111111111111111111111
10000000000000100000001
10111111111110111011101
10000010000010001010001
10111011111011101010111
10001000100010001010001
10111010101110111011101
10101010100010000010001
10101010111011111110111
10101010001000000000001
11101011101111111111101
10001000101000000010001
10111110101011111011111
10100000100010001000001
10111110111110101111101
10000010001000100000101
11111011101011111011101
10001010000010000010001
10111011111111111110101
10001000001000100010101
10101111101010101010101
10100000000010001000101
11111111111111111111111
