11111111111111111111111
10000000000000000000001
11101010111011111111101
10001010100000000010001
11101111111010111011101
10000000100010001000101
10111110101110101010101
10100000101000101010101
11101010111011111110111
10001010100000000010001
10111011111011111011101
10100000001000001000101
11111111101111101010101
10000000000010001010101
10111111101111101110101
10000000100010000010101
11111011101011101010111
10000000101000101010001
10111110101111101011101
10001000101000001000101
10101010111110101010101
10101010000010101010101
11111111111111111111111
