11111111111111111111111
10000000000010001000101
10111111101010111011101
10101010101000000000001
11101010111110111111111
10100000100010001000101
10101011111010111011101
10101010001010100010001
10111011101010111011101
10000010100010101000101
11101010101010101110101
10101000001000000000101
10111110111010111011101
10000000100010101000001
10111110111010101010111
10101000100010100010001
11101011111010101010101
10000000001010101010101
10111011111011111110111
10001000100010001000001
11111111111111101010101
10000000000000000010101
11111111111111111111111
