11111111111111111111111
10001010001010000010001
10111010111011101110111
10000010100000101000001
10111010111011101010101
10101010000000000010101
11101010111111111110101
10001000101000000010101
11101010101011111111111
10000010000010000010001
10111010101111101110111
10101010100000000000101
10101111101010101111101
10001000001010100000001
11101111101010111011111
10001010001010100000001
10101010111010111110111
10101000001010000010001
10111110111010101111101
10100000001010100010001
10111110111010111111101
10100000001010000010001
11111111111111111111111
