111111111111111111111111111
100000100000001000001000001
111010111111101010111011101
100010001000001010000000101
101111101010111011111111101
101000000010100010100000101
101111111111101110101110101
100000001000000000101000001
111111101011111111101111111
100010001010000000100010001
101010101010111111111010101
101000101010001000000010101
101011111011101011111110101
101010000010100010001010101
101110111110111110101010101
101000100000000010101000101
101011111111101010101111101
101010000010001000100000001
101010101010111111111111101
101010101010100000100000001
101011101010111011101111111
101000101000100010001000101
101110101111101110111010101
100010101000001000100010101
101010101011111011101110101
101000001000000000001000001
111111111111111111111111111
