111111111111111111111111111
100000000010000010000000001
101111101110111011111111101
101010000010101010000010001
101011111010101010111010111
100010000000001010001000101
111010111011101010111010101
100010001010001010001010001
111011111111101011111010111
100010000000001000000010001
111111111011111111111111111
101000101000000000001010001
101010101011111110111011101
100010000010000000001010001
101011111110111111111010111
101000001010000000001000001
101011101011101011101010101
101000100010101000101010101
101110101110101110101011101
101000100010001000101010001
111011111111111111101010111
100010101010001000001010001
101010101010101010101011101
101000000010100010100010001
111111101111101111111011101
100000000010000000001010001
111111111111111111111111111
