111111111111111111111111111
100000100000000010000000101
111110111011111010111111101
101000001000100000000000101
101010111111111010111111101
101010101000001010001010101
101110101110111110111010101
100010101010100000000000001
101110101010111011101111111
101000000010100010101010101
101111111010111010101010101
100010101000001000101000101
101110101010111011111011101
100000100010000010000010001
111110111111101111111011101
100010001010101000001010001
111011101010101110111011101
101000000000000010001000001
101010111110111110111011111
101010101000101000000000101
101111101110101110111010101
101010101000000000001010001
101010101010111110101110111
100000101010001010100010001
101110101110111010101110111
101000000000000010100010001
111111111111111111111111111
