111111111111111111111111111
100000000000000000000000001
101011111111101010101010111
101000100000001010101010001
101110111110111111111011111
101000000010100000000000001
101010111011101010111010101
101010100010001010100010101
101010111110111011111110101
101010100000100000100000101
101010111011101010101011101
101010001010001010101010001
101111101110101110111011111
100000100010100010100000001
111111101110101110111110101
100000000010101000100000101
101010101111101111111111101
101010100000100000000010001
101010101111111111111110101
101010100000000010000000101
101011101110111010101111111
101010000010001010100000001
101010111011111110111010101
101010100000100000001010101
101111101110111011111011101
100010001000001000100010001
111111111111111111111111111
