111111111111111111111111111
100000000000101010000010001
111011101011101011101011101
100010001010000000001000001
111111101111101111111110101
101010000010100010000010101
101010101010101010111011111
100010101000101010100000001
101110101010111011111111101
101010101010100010100010101
101010111110111010101110101
101000100000000010000000001
101110101111101011101110111
100010100010001010001000001
111011101110101110111010111
100000101000100000001010001
101011101110111110111110111
101010000010000010101000001
111010111011101111101110101
100010001010000000001010101
111010101111101011101011111
100000100010001000100010001
101011111110101011101111101
101000100000101000100000101
111011101110101110101110101
100000101000101000100010001
111111111111111111111111111
