111111111111111111111111111
100000001010000000100000001
101110101010111110101111111
100010101000100010100010001
111010101110101110111010101
100010100000101000101000101
101110111111101010101111101
101000100000100010000000001
101111101110111111101111101
100000100010000000101000101
101110111011111110111010111
101000100010000010100010001
111011101110111010101111101
100010000010001010001000101
101010111011101011111010101
101010100010101000001010101
101010101110101111101010101
101000100000100000100010001
111111111111111010111111111
100000000000000010100010001
101111111111111111101110101
101000000000100000001000101
101011111110111010111011101
100000100010100010100010001
111110111010101110101110111
100000000010001000001000001
111111111111111111111111111
