111111111111111111111111111
101000000000100000100000001
101010111010101010101111111
100010100010101010100000001
101110101110111011101011101
100010100010101010001010001
111110101110101010111010101
100000100010101000100010101
101111111111101011101111101
100000000000100000100010001
101111101010111111101111111
100010001010100010101000101
111010111110101010101011101
100010001000101000100000001
111111101111101110101111111
100000000000101000100000101
101111111111111110101011101
100000001010000000001000001
101111111010111111111111101
100000000000100000001000001
111010101110101011111011101
100010101000101010001010001
101010111011101010111111101
101010001000101000000000001
111111101110101111101010101
100000001000101000001010101
111111111111111111111111111
