111111111111111111111111111
100000001010000000100000001
101110111011101011111010101
100010000000001000100010101
111111101111101111101110101
100000001000000010100010101
111011111110111010111011111
100000101000001000000000001
101011101110111011111111111
101010001010001000000000101
111110101010111111101111101
101010100010100010100010101
101010111111101010101110101
100000100000001000001000001
111011101110111110101010111
100000101000001000100010001
101110111011111011101111101
101000001010100010001010001
111011101010111111111010111
101000101000000010101010001
101010101011111010101010111
100010100000101000101000001
101111101111101011101011111
100010000000001010000000101
101111111010111111101110101
100000100010000000101000001
111111111111111111111111111
