111111111111111111111111111
100000000000000000000000001
111011101111111111101011111
100000100000000000101000001
101111101110111110111010111
100000100010000010100010001
111011101111101110101110101
100000101000000010100010101
111010111111101111101111101
100010001000000000100010001
101010111011111011101110111
101010001010000000101000001
101110101011111010101111101
100010101000100010101000001
101011101010111010111110111
101010001010001010001000001
101011101110101111111010101
101000101000101000000010101
111111111011101011101011101
100000000000101010001010001
111010111110111111101011101
100010100000001000001000101
101110111011111010101010111
100010100000001010101010001
101011101011111111111011111
101000101000000000100000001
111111111111111111111111111
