111111111111111111111111111
100010000000001010001000101
111010101011101010111011101
101010101010001000001000001
101011111010111010101010111
100000100010101010101010001
101111101111101110101010111
100000100000100000100010001
101111111011101111101111101
100010100010000000101000101
101110111010111111111010111
100000100010100010000010101
111110111010101111111011101
101000001010100010100000001
101110111010101010111010111
100000001010001010100010001
101011101010101010101111111
101010000000101010000000001
111111101110111011101010101
100010001000100000101010101
101111101011111011101110111
100000001010001000000010001
101011111110111111101110111
101000100010001000000010101
101110101110111011101110101
101000100000000010000010001
111111111111111111111111111
