111111111111111111111111111
100010000000100000100000101
101110111010101110101010101
100000100010100010101010101
111010111111101010101111101
100010100000101010100000101
111010111010101111101011101
100010000010100000101000001
101010111011111110101110101
101010100000000000001000101
111111111111111111101111111
100000100010001010100010001
111110101010101010101010101
100000101010100000001000101
101010101111111111111011101
101010000010000000001000101
111011101110101010101010101
100010101010101010100010101
111010101010111111111110101
100000100010001000001010101
111110111111101011101010101
100000000010001000100010101
111111111010111110101010101
101000000000000000101010101
101011101010111011111110101
100000101010001000000010101
111111111111111111111111111
