111111111111111111111111111
100000101010000010100010001
111110101010111110111011101
100000000010100010100000101
111111101110101010111011101
101010000010001010001010001
101011101110101111101010101
100010000010101010101010101
111011101010111010101010111
100000101010001010000000101
111011111011101011101111101
100000000000100000100000001
111011111010111010101111111
101000100010001010101000001
101111101110101110101110111
100000101000101000000010001
111110111110111110101110111
101000101010101000101000001
101110101010101011111011101
100000100000001000000000101
101010111011111011111111111
101010101000100000100000001
111110101011111010101111111
100000000000000010000000001
101010101010101111101010111
101010101010100000101010001
111111111111111111111111111
