111111111111111111111111111
100000000000000000000000001
111010101010101011111110111
100010101010101000000010001
111011101111111110101011101
100000100000000010101010001
111110111011101111101110101
100000100000101000001000101
101011101111101010111010101
101000100010001010001010101
111110101110111110101010111
100000100010100000101010001
111111101111101010111010101
100000000010001010001010101
101110111010111111111110111
100010001010000000001000001
111010111011111111101010101
100010100000000010001010101
101110111010101010101111101
101000001010101010100010001
101110101110111010111111101
100010100010100010000000101
111010101010101010111110101
100010101010101010100000101
101011111010101011101110101
101000001010101010001000101
111111111111111111111111111
