111111111111111111111111111
100010000000000000000000001
101010111111111111101111111
101010100000001000100000001
101110101011101011111111101
100010101000101010000010001
101010111110101010101010101
101000100010101000101010101
101111101010101111101110101
101000001010100000100010101
101110111010111110101010111
100010100000100000101010001
111010111111111110111011101
101000100000100010000010001
101110101110111010111110101
100000100010100010100000101
101111111010101110101111101
100010001010001000100010101
111010101011111110111010101
100010101010000010001010001
101110111010111011111011111
100010001010101000001000001
111011101010101111101011101
101000001000100000001010001
101111101111101111111110101
100000000000100000000000101
111111111111111111111111111
