111111111111111111111111111
100000000000000000000000001
111110101110111110111110101
100000101000001000001000101
101110111011111110101010101
100010100000000010101010101
111110111010101011101110101
100000001010101000101000101
111011101110111010101111101
100000101000100010100010001
111111111011101110101010111
100000000000100010101010001
101111101110101110111111101
100010001000100010000000101
111011111110101010101011101
100000100000101010101000101
101011101011101111101111101
101000101000101000000000101
101110101011101010111111101
100010101010001010001000001
111011111111101011101110111
100000001000001010000010001
101110111010111011101110101
100010001010001010001000101
101111101111101110111011101
100000101000000010001010001
111111111111111111111111111
