111111111111111111111111111
100000101010001010101000001
101111101010111010101011111
101010101000100000001000001
101010101110101011111011111
100000101000101010000000101
101110101010101111111011101
100010001010000000001010001
101111111110111110111011101
100010001010001000100010001
111010111010111111111010101
100010001000001010000010101
111010111110111011101110111
100010001010000010101000001
111010111010111110101111101
101000001010001000101010101
101111101010111110101010101
100000101000001010000010001
101111101011111011111011101
100000101000100010100010101
101111101011101110101110101
100000000000101000000000101
101111101111101110111111101
100010100000000000100000001
111010101110111110111111101
100000100010000010000000001
111111111111111111111111111
