111111111111111111111111111
100000001000000000000000001
111111101011111011111011101
100000001010001010000010101
101011111010101110111110101
101010001010100000100000101
101110101010111111101110101
100000100010001000001000101
101111111111101110111011101
100000100000100010001000101
111110101110111011101110101
100010100010100010000010001
101010111110101110111111111
101010000000101000001000001
101011111110101111111011101
101000000000101000001010101
111111111111101011101010101
100000001000001010100000101
101111101011101010111111101
101000100010101010100000001
101110111110101010101111101
101000100000001010100000101
101011101111111010111110111
101000001000100010000010001
101111111010101111101011111
100000000010000000001000001
111111111111111111111111111
