111111111111111111111111111
100000000010000010101000001
111110111110111110101011111
101010000000101000100000001
101011101010101011101110111
100000101010101010100010001
101111101111101010101111111
101010000010100010001010101
101011101110101110101010101
100010001000001000100010101
111011101111101111101110101
100010101010000010000000001
111010101011101111101110111
100000001000100000000010001
111011111110101111101111111
100000101000001000100000101
111011101111101110111011101
100010101000000000100010001
101110101110101111111111101
101000001010100010100000001
101111101010111110111010111
100000000000000000000010101
101111111011101011111010101
100010000000101000001010001
101110101011101111111110101
101000101010000000001000101
111111111111111111111111111
