111111111111111111111111111
100000000000000000000010001
111111111111111011111011101
100000001000001000001000101
101111101011101111101110101
101000000010100000100010001
101011111110111110101011101
101000100010000000101010001
101111101011111011111010111
101000101000001000000010101
101010101111101111111110101
101010001000001000000010001
101011111011111011101111101
100010000010001010100000101
111110111111101010111110101
100000100010001000001010001
101110101010111111101011111
101000101010000010001000001
101011101010111010111111101
101010101010001000100000001
101010101011111011111011111
101000101000001000001000001
101111101111101111101111101
101000101000100000100000101
101010101010111110111110101
100010000010000010001000001
111111111111111111111111111
