111111111111111111111111111
100000000000000000000000001
111011101110111111111111111
100000101000000000000000001
101010101010111110111010101
101010101010001000001010101
101011101011101010111010101
101010001010001010100010101
101111111011111010111111101
100000001000001010001000001
101011101010101111111110101
101000101010100000100000101
101011101110111011101110101
101000101000100000101000101
101010101011101011101011101
101010101010001000101000101
101011101110111010101010111
101010001000100010101010001
101010101010111011101111111
101010101010001000100000001
101111111010101011101110101
100000100010101010000010101
111010101111111110111111101
100010100000100000100000001
101111111010111111101011101
101000000010001000001010001
111111111111111111111111111
