111111111111111111111111111
101000101000001010101010101
101110101011111010101010101
100000001000000010100000101
111111101011111010101011101
101010000000100000101000001
101010101111101010101011111
100000101000001010001010001
101111111011101011111011101
100000001000101000100000101
101111111011111011111010101
101010100000101000001010001
101010111110101010111111101
101000000000101010001010001
111111111110101111101010101
100000101010000010101010101
101011101011101110111010101
101000100010101010100000101
101011111010101010111010111
101010001000000000001010101
111010111010101111101011101
100000000010100010001000001
111110111110111011111010101
101000100000100010000010101
101011111110101010111111101
100000000010101010000010001
111111111111111111111111111
