111111111111111111111111111
101010100010100010000010001
101010111010101010111110111
101010000000001000000000001
101010111111111011111011111
101010000000101010001000101
101011111011101010111011101
100000001010101000001000001
101111111010101011101110111
101000001010000010001000101
101110111011101110111111101
101000101000101010001010001
101110101111101010111011101
100000100010100010100010101
101010111010111110101010101
101010001010000000101000001
111111101011101111101011101
101000100010000000001010001
101110101011101111101111101
100010101000001000000010101
111010111111101011111010111
101000001010101000101000101
101110111010101110101110101
100000000010000010100010001
101010101111101011101110111
101010100000001000000010001
111111111111111111111111111
