111111111111111111111111111
101000101000000000000000101
101010101011111111111110101
100010001000100010000010001
101111101110101011101010111
101000000010001000101010001
101011101010111110101011101
101010001000100000101000001
111010111111101111101111111
100010100010001000000010001
101110111010111111111010111
101000100010100000100010001
101011101110101110101111101
101000100010100010100000101
101110101010111010111110101
101000101010101010100000001
101011101111101011101011111
101010001000101000101000001
101010111011101110101111101
101010000000000010000000101
101010111111111111111110101
101000101000000010000010101
101111101011111010111011101
100000101000001010100010001
111010101110101010111110101
100010100000101000000000101
111111111111111111111111111
