111111111111111111111111111
100000100000001000000000001
101010111110101011111111101
101010000010101000100010101
111011111010101010101010101
100010001000101010101010001
101110101111101110101010111
100010101000000010001010101
101010101111111011111010101
101000100000001000000010001
101111111111101111111111111
100010000000100000100000001
111011111010111110101111101
101000001010000010101000101
101111101011111010111011101
101000001010001010000000001
101011111010111011111111111
101010000010000010000000001
101011111011111110101111101
100010001000000000100010001
101110101111111111111011111
101000100000000010001010001
101011111111111010101010101
100010000010001010101000101
111110101110101010101111101
100000100000100000100000001
111111111111111111111111111
