111111111111111111111111111
101000100010000000001010001
101011111011101110111010101
101000100010101000101000101
101011101110101011101011111
100010100000001000101000001
101010101011101010101011111
101000001010001010001000101
111110111111111111111110101
100000000010001000101000001
101111101110101010101110111
101000100000100010001000001
101010101011111111101011101
101010001010000000101010001
101011111011101111101011111
101000100010000000001000001
101110111110111011101110111
101000000010001000101000001
101011101111101010101011101
101000100010001010101010001
101110111011111011111011111
101000100010000000001000001
111111111111111011111011111
100010101000101010000000101
101010101010101011101011101
101000000010000000001000001
111111111111111111111111111
