111111111111111111111111111
101000000000000000000010001
101011111111111111101110111
100010001000000000100000001
111110101111101110111111101
100000101000101000100010001
101111101010101111101010111
101000100010100000001000001
101010111010111011111111111
101010001010001000100010001
101111101011101110111010101
101000100010100010000000101
101010111110111011111111101
100010001000001000001000101
111111101011101111101011101
101000001010001000101000001
101011111011111010101111101
101010001000001010101000001
101010101111101011101010111
101010100000100000101010001
101011101011111010101111101
100010001000001010000000101
101110111010101011111110101
100000101010101000100010101
111110101010101111101011101
100000100010100000001000001
111111111111111111111111111
