111111111111111111111111111
100010001000001010100000101
101110111110101010101010101
100010001000101010001010101
101110111011101010101110101
100010001000100000101000001
111011101111101111111111111
100000001000000000001000001
111011111011101010111010101
101000101010001010000010101
101010101111111110111111111
100010001000001000000010001
111111101110111110101110101
100000001010001000100010101
111011111011101010101111101
100000001000001010100000001
111011111111101111111010111
100000101000101000000010001
111011101011101011101011101
100010001000000000101010001
101010101111101111111011111
101000101000001000000000001
111110111111101110111111111
100000000010001000100000101
111011111011101010101010101
100000001000001010001010001
111111111111111111111111111
