111111111111111111111111111
100000000000100000100000001
111111111110101110101011111
100010000010101010001000001
101010111010101011111111101
101000100010000010000000001
101111101110111111101111111
100000100000101000001000101
111110111111101011101010101
100010100010001010001010101
101010101010111010111010101
101000101000100010100010101
111111101110101110111110101
100000001000000010100000001
101110111111111010101111111
100010000010001010001000001
111011111010101011111011101
101000001010101000101000101
101010101010111010101110101
100010101010001010100010101
111011101011101011111010101
100010001000101010001000101
101110111110101011101111101
100010100010101000001000101
111010101011101011111010101
100010001000001000000010001
111111111111111111111111111
