111111111111111111111111111
101010100000001010100000001
101010101110111010111110111
100000101000101000000000001
101111111110101111101111101
100010101000000000100000101
111010101010101110111011101
100010000010101000000000101
101011111111111111101110111
101000100010001000000010001
111011111010101111101111111
101010000000100010000010001
101011101010101110101110111
100000001010100000100000001
101110111110101110101011111
100010001000101000101010101
111011101110101110111110101
101000101010101000001010001
101010101011101111111010101
101010100010000000101000101
101110111011101110101110101
100000101000100010001000101
111010101111101110111011111
100010001000100010101000001
101110111011101011101011111
100010000010001000000000001
111111111111111111111111111
