111111111111111111111111111
100000000000000000000000001
101011101010111011101110101
101010001010001010000010101
101110101011101011101110111
101000101010001010001000001
101110101110111110111011101
101000100010100000001010001
101011101011111110111111101
101010001010000000100000001
111010111010101110111110111
100010001010101000001000001
111011101111101110101111101
100000101000001000101000001
101110111011101110111110101
101000100000101000000010101
101010101011111011101111101
101010101000100010000010001
111011101011111111101111101
100000101010000000000000101
101011101010111111101111111
101000101010100000000000001
101011101111101110101010101
101010000010001000101010101
101110111110101111111011101
101000001000100010000010001
111111111111111111111111111
