111111111111111111111111111
100000000000000000000000001
101011101110101110101011111
101010000010100010101000001
101111101011111011101111101
100000101010000010000010001
111110111110111010101010111
100000001000100010101010001
111011101010101011111011111
100010001010101000100000001
101010101010111010101011111
101010101010001010101000001
111110111110101110111011101
100000000010100010001010001
111110101011101111101011101
100000101010000000101010001
101111111110111110101110101
100000100000001000100010101
111011111010101011111110101
100000001010101000001000101
101011111011101011101110101
101010000000101000101000101
111010101010101111101110111
100010101010100000100010001
111010111011111010101111101
100010001010000010100000101
111111111111111111111111111
