111111111111111111111111111
100010000000100000101000001
101110111110101110101011111
100000101000101000101010001
101111101011101011101010101
101000101010001000000000101
101010101011111111111111101
101010101000000010000000101
101010101111101010111110101
101010100000101010001000101
101010111010101111101011101
101010000010100000101010001
111011111110111110101010111
100010000000100000101010001
101110111111101111111011101
101000100000100000001010001
101011101110111010101010111
101000001000100010100010001
101111111111101111101111101
100000100000001000100000101
111110101011111010111110101
100000101000000010000010101
101111101111111111111110101
100000001000000000100000101
111111111011111110101111101
100000000000000010000000001
111111111111111111111111111
