111111111111111111111111111
100000000000000000101000001
111011111011111110101010111
100000001000001000101010001
101111101111101011101011101
101000101010001010000010001
101010101011111010111111111
101010100010000010000000001
101110111111101111111010111
101000100000101000100010001
101010101110101010101111101
101010101000101010000010001
101010101011101111111110111
101010101000100010000010101
101010111110111010101010101
100010000010001000101010001
111111111010101111101011101
100010000010100010001000101
101010111110111010101110101
101000101000100010101010101
101111101011101110101010101
100000100010100010101010001
111110101110111010101011111
100010101000100010100010001
101110101010101010111111101
100000001010001010000000001
111111111111111111111111111
