111111111111111111111111111
100000001000000010000010001
111110111111111010111110111
100010001010100000001000101
111010101010111010111010101
101000100000100010100010101
101111111110111011101111101
101000000000000000100000001
101111111111101010101111101
100000001010001010000010001
101110111010111111101111101
101010000010100000101000001
101011101111111110111110111
100000100000101000000010001
101110111011101110101110101
101000001010001000101010101
111011111111101010111010101
101000101000000010100000101
101011101110101110101010111
100000000000101010001010101
111110111010111011101110101
100010001010100000101000001
111010111110111110101110101
100000100000100000001000101
101010111010111111111011101
101010100010000000100000101
111111111111111111111111111
