111111111111111111111111111
100000000000100000000000001
101011111110111111101011101
101010001010100000101010001
101010101010101110111011111
101000101000001010100010001
101111101111111010101110101
100000100010000010100000101
111111111010111010111011101
100000100010001010001000101
101110101111101011101110101
101010001000001010101000101
101011111110111010101111101
101010000000100010100010001
101010111011101110111010101
101000001010101000001000101
101011111010101111101111101
101010000010000000001000001
101110111111111111101011111
100010000000100010001000101
111010111110101011111110101
101010001010001010000010101
101011111010111010101010101
101000000010101010101010001
101111111110101010101111101
100000000000001000100000001
111111111111111111111111111
