111111111111111111111111111
100010101000001000001010001
111010101111101110111011101
101000001000000000101010001
101110101110101110101010101
100010101000101010001010101
111011101111111010111011101
100000101000001000100010001
111110101010111011111010111
101000000010100000100010101
101010111011101111111010101
101010100000001010100010001
101110111110101010111010101
100000101000100000000000101
101011101110111111101011101
101010101000101010101010001
101110101010101010101111101
100010000010100000000010001
111111101011111110101110101
100000001010000000100010101
111110111111101110101110101
100000001010000010100010101
101111101011111110101110111
101000001000001010100010001
101110111111101010101010111
100010100000000000101010001
111111111111111111111111111
