111111111111111111111111111111111111111111111111111
101000001000001000101000100010100010001010001000101
101110101010101110101010101010101110101011101110101
101000100010101000100010001010100010100000001000101
101111111110111110111111101110111011101011101011101
100000001000001000100000000010100010001010000000101
101110111110111010101010111010111011101111111110101
101000101000100010101010100010000000000010001000001
101110101110101110101111111010101110101011101011101
101000001000001000101010001010100010101010001000101
101110101011111110101010101010111010111010101011101
101000100000001000001000100000100010100000101000101
111111111011111111111111111111111111111111111111111
100000001000100000100010101000101000000010000010001
111011101011101111111010101010101111101111111011101
100010000010101010100010001010001000101010101010001
101110111010101010101110101110111010101010101011101
100010001000100000100010101000000010000010000010001
111011101111111110111010101111101011111010111110101
100010000000000000100010100000001010001010000010101
101010111111101010111010101010111010101010111110111
101010000000101010100010101010001010100010000000001
101110111010111011101110101111111111111011111111101
101010001010101000000010101000100010101010101000101
101010111110101010111010101010111010101010101011101
100010001000100010100010101010000000000010000000001
101111111111111111111010101111111111111010111010101
100010001010000010100010101000000000000010001010101
101110101010101010101111111111101111111110111110101
100000100010101000100010001000101000100010001000101
111010101011111010111010111011101011101110111111111
100010101000000010100010001000001000100010000000001
111111101111111111111110101110101110111010111110101
100010001000100000100000101000100000001010000010101
111010101011111110111011101011111111101010101110111
100010101000100010100010001010001010100010100010001
111010111110101010111010111011101010101111111111101
100010001000101000100010001000000000100010000010101
111010111110111110111011101110111111111111101010101
100000000000000000101010000000000000100010001000001
111011101010101010101011101010101010101011111011111
100010001010101010000010001010101010101010100010101
111111111110111111111111101010111010101110111010101
100000000000000010100010001010001010000010100010101
111111101110101110101011101111111111111110101010101
100010001000100000001010001000100000100010001000101
101110101011101110111110111010111010111010101111101
101000101000100010000010000010100010100000100000001
101011101111101111101011101010101110101010111111111
100010001000000010001010001010000010001010000000001
111111111111111111111111111111111111111111111111111
