111111111111111111111111111111111111111111111111111
100000001000000010000000001000000000000000001010001
101111101110111010111111101011101111111111101010101
100010000010001010001000100010101000000010001010101
101011111011101011101011111110101011111010111010101
101000001000101000101000000000100010001010100000101
111111101110101111101110111111111111101011101111101
100000001010100000101000100000100000100010100000101
101111111010111110101011101110101110111010101111101
101000100010001000101000000010000010001010100010001
101010101011101110101111111111111011101010101010111
101010001000100000100000100000001010101010101010101
101011111110111111101110101011101010101010101010101
100010001000100010001000101000101010001010001010001
111111101010101010111011111110101011111111111011101
100000101010101010001010000010101000000000001000101
101110101011101011101010111011101110111111101111101
100010001000001010001010001010000000101000100000101
111110111111111011111011101010111111101010111110101
100000100000100000001000001000100000000010100000001
101111101111101111101110111111111111111110111111101
100010001000001000100010100000001000000010100000101
111010101011111010101010101111101011111010101110111
100000100010000010101000100010101000001000100010001
111111111110111010111110111010101011101111101011101
100000000010001010000000100010100010001000001010001
101111101011101011111111101110111110111111111010111
100010001000101010100000100010000010100000001010001
101010111110101010101011111011111010101111101011101
101010000010101000101000001010000010001000001010001
111011111011101111101110111010111111111010111110111
100000001000100000100010000010101000001010000000001
101111101110111110101011111110101010111011111011101
101000001010000010001000001000100010000010001010101
101111111010111111111111101011111111111110101010101
100010001010000000001000001000100010000010100010001
111011101011111010111011111110101010111010101111101
100010001000000010100010000000101010001010101000101
111010111111111110101111111011101111101010111010101
100010100010001010101010001000000010001010000010101
101110101011101010101010101111111010111011111110101
101010001000001000100000100010001000101000101000101
101010111111111011111111111010101110101110101011111
100010000000000000001000000010100000001000001010001
101111111111111111101011111010111111111011111010101
100000000000000000101000001010100000100010000010101
111110111110111110111110111010101110101110101111101
100010001000100000100010100010101000101000100000001
101011111010101111101010101111101011101110111110111
101000000010100000001000100000001000100000100000001
111111111111111111111111111111111111111111111111111
