111111111111111111111111111111111111111111111111111
100010001000001000001000100000100010001000000000001
101110101011101110101010111110101010101011111111101
100000101000100010101010000000101010101010000010001
101111101110111010101011111111101010101011101011111
101000001000001000100000100000001000101010001000001
101011111111101111111110101111111111101010111110101
101000000000001000100000100000101000100010100010101
101111111111111110101111101110101010111110101010101
101000000000000000100000101000101010000010101000101
101010111111101111111110101011101011111010101111101
101010000000100010000010001000100010001000100010001
101011111110111010111010111110111110101110111110101
101000100010100010101010000010100010100010100000101
101110101010101110101011111010101010111010101111101
101010101010100010101000101010101010100010100010101
101010101010111110101110101010101010101110111010101
101000101000100000101000100010001010100010100010001
101110101111101111101011101111101110101010101111101
100000101000001000101000101000100010101010101000101
111111101011111010101110111010111010101010101010101
100010001010001010001000100010001010101000101010101
111010111010111010111011101011101011101111101010111
100010100010001010100010001000101000001000101010001
101110101111101010101110101110101111111010101011101
101000101000000010101000100010100010000010001010101
101011101011111110101011111011111010111111111010101
101000101000100000101000101000001010101000001010001
101110101110101111101110101111101010101011101110111
100010001000100010101010101000001010000010100010001
101010111011111010101010101010111011111110101011101
101000101000001000001000100010001010000000101000101
101111101011101111111011111111111010111011101010101
100010001010001000100010000010000010001000001010001
101010111011111010111110111010111111111111111111111
101010000010000010100010100010100000001000000000001
111010111110111110101010101110101111101011111111101
100010100000100010101010101000100010100010000000101
101111101111101110101110101011111010111110111111101
100010000000100010000000100010000010000000000010001
111010111110111010111111111111101011111111111010111
100000100000100010001000100000101000100010100000101
101111101111101111101010101110111110101010101110101
101000101000001000101010100010000000101010001000101
101011101010111010101010111011111110111011111011101
100000100010100010100010100010100000001010001010001
111110111110101111101111101010101111101010101010111
100010001000100000100000001010100010101010101000001
101111101011111110111111111010101010101010101111101
100000001000000010000000000010001000100010100000001
111111111111111111111111111111111111111111111111111
