111111111111111111111111111111111111111111111111111
100000000000000000000000000000000000000000000000001
101110101011101010101011111110101011111011111110101
101000101000101010101000000010101010000000100000101
101110101110101011111110111011111011101010101110111
100010100010101000000010001000100000101010100010001
101011111011101111101110111110111010101110111010111
101000001010001000001000000010001010100010100010001
101110111010101010101110101010111010101010101010101
101000001010101010101000101010001010101010101010101
101111101110101111111011111111101110111111111011101
100010000010100010000000000010001000001000000010001
101110111111101111101010101111111010111011111011101
100010100000000000101010101000000010001000100000101
111010101111111011111110101110101110111011101010101
100010100010000010000000101000100010100010001010101
101110111011111111101010101110111011111110101011111
100010100000000000101010100010100010000000101000001
101011111110111111101010101011111011111010111010111
101000000010000000101010101010000010000010100010001
101011101110101111111110111010111010111010111010111
101000100010100000001000100010100010100010001010001
111011101110111111101111111111111110111110101110101
100010001000100000000010000000000000001000100010101
111111101111111011111010101110101011101011111011101
100000001000000010000010100010101000101010000000101
101111101010111110101110101110101011111011111010111
101000001010001000100010101000101000100010000010001
101110101010111010111110101111101111101111101110101
100010101010100010000010100010000000100000101000101
101111111110101010101010101010101011111010111011111
100000100000101010101010101010101000001010100000001
101111101010111110111010101110101111111010101110111
100000101010100000100010100010100000100010101000001
101110111010111110101110101011101110101010101110111
101000001010000010100010101000101000101010101000001
101110111010101011111111101010101010101111111011101
101000001010101000000000101010101010100000001000101
101010111010101110101110111011111111101011101111101
101010100010101000101000100000000010001010001000001
101010111011101110101111111010111011111111111011101
101010100000100010101000000010100010000000000000101
101110111111101110101010101110101010101110111010101
101000100000001000101010100010101010100010100010101
111010111010101111111111101111101110101011111110101
100010001010100010000000001000000010101010000000101
101010101010101110111010101110111010111011101111101
101010101010101000100010100010100010100000100000101
101011101011101111101011101010111111101011101110101
101010001010000010001010001010100000001000101000101
111111111111111111111111111111111111111111111111111
