111111111111111111111111111111111111111111111111111
100000001000100010000000000000001000100000101000001
101010101110101011111110111011111010111110101011111
101010101000101010000000100010001010100000101000001
101111101011111010111010101010101010111011101110101
100000101000100010001010101000101010001000100000101
111110111011101111101011111110101010101010111011111
100010101000100010001000100000101010100010100000001
111010101011101111111011101111111010111011101110101
100000001000100010000000100000001010100000001000101
111110111011101010111010101110101010111011111011111
100000000000101000100010100010101010100000100000001
101110111010111111111110111111101011111111111111101
100010001010100000101000101010000010000000000000001
101111101110101010101010101010111011101010101111101
100010001000001010000010100000001010001010100010101
111010101111111111111011111011111010111110101010101
100010101000000000000000100000001010001000101000101
111111111111111111111111111111101110101110111111111
100010000000000000101000001000000010101000000010101
111011111111101111101010101011111110111011101110101
100000100000000000101010101000100010001000100010001
101110101010101011101011111110101111101011101111101
100010001010101000100000001000000010001000100010101
101111111111111110111110111111111011101111101110101
100010001000101010100000000000100010001000000000001
101110111011101010111010101110111011111111111110111
100010000000001000100010101000100010000000101000001
111010111110101110111111101110111010111111101011101
100010001000100000000000001000000010101000001010001
101111101111111011101110111111111010101110101111101
101010001000100000100010001000100010000000101000001
101010101110101010101010111110111010101010101010101
100010100000101010101010001000100010101010100010101
101111101111111111111110111011111011111111111011111
100010100000001010100000001010000010001000100010101
101110101110101010101010101010101111101011101110101
100010000010100000101010101000100010000000000000001
111111101111111111111111111111111110111111111111111
100000000000001010001000101010000010000000000000001
111110101111111010111110101011101010111110111011111
101000100000001010000000001000101010101010101010001
101110111110111011101110111010101010101010101010111
100000100000100010001000000010001010000010100000001
111011101110101011101111111011111010111111101111101
100010101000001000001000001000001010000000101000001
101110101011101011101110101011101011101110101111101
100000101000101010001000100000101010000010101000001
111110101111111011101011101110101010101010101111111
100000100000001010001000101000101010101010100000001
111111111111111111111111111111111111111111111111111
