111111111111111111111111111111111111111111111111111
100000000000100000000000000000100000000000000000101
101110111110101110111111111110111011111111111110101
100010001010100010001000000010001000000010001000101
111111101010111111101111101111101111101010111011101
100000101000000000001000001000001000101010000010001
101110101111111111111011111011111010111010111111101
101000100010001000001000100010000010001010001000101
101011111010111010111010101110111111101011101010101
101000000010100010000010001000001000100010000010101
101111111110101111111111111111101010111111111110101
101000001000001000000000100000001010000000001000001
101111101011111011101110101110111011111111101111111
100000100010000000100010001000100010000000100000001
101110111011111111101011101111101110101110111111101
100010001000100000101010001000001000101000000000101
111111101110101110101011101010111110101111111011101
100000001000001000101000101010100010100000001010001
101111111111111011111110101011101011111111101110111
101000000000001000100000101010001000000010001000101
101011111111101110101111101010111111111010111011101
101000000010001010001000101000101000001010000010001
101111111010111011111010101111101011101010111111101
100000000010001000000010101000001010100010100000101
111111111011101011111110101011111010111110101010101
100000001000101010001010100010000010000010101010001
101111101111101010101010111010111110101110101011111
100000100000001000100010001010101000100000101010001
101110111111101111111110101010101011111110111010101
100010001000001000000010100010100000001010001000101
111011101111111011111011111010111111101011101011101
101010100000001000101000001010000010001010001010001
101010111111101110101111101111111011111010111110101
101010000000100000100000100000101000000010100000101
101010111011111111101011111010101111111110101111101
100010100010000000101000001010000000100000100010101
101110101110101110101111101011111110101111111010101
100010100000100010101000101000100000100010000010001
111010111111111011101011101110111110111010111110111
100010100000001000001000100010100010100010001000101
101110111111101111111110111010101011101110101011101
101000000000000010000000101010001000001000101010001
101111101111111010111110101011111111111111101010101
100010101000100010001000001000000000100000001010101
111010101010101111101011111110101110101111111010101
101010001010100000001010000010100010001000000010101
101011111010101111111010111011111011111011111111101
100010000010101000001010001000001010001010001000101
101110111110111011101111101111101010101010101010101
100000100000000010000000001000000010100000100010001
111111111111111111111111111111111111111111111111111
