111111111111111111111111111111111111111111111111111
100000001000100000100000001000001000000000100000001
111110111010111010111011101011101110111110101111101
100000100010000010000010101010100010000010001000001
101110101110111111111110101010111011111110111011101
100010101000101000000010100010100010000010101010001
111011101111101011111010111110101110111010101011101
100010001000001000101000001000101000101010001000101
101010111011111110101110111010101011101011111110101
101010000010000000100010100010001000101010001000101
101111111111101111101010101111111110101010101011101
100000001000001000001010100010000010101000100010001
111110101011111011111010111011101010101011111110111
100000100010001000100010101000101000100010000010101
101111111110101110101110101110101111101110111010101
100000000000100010100010001000101000001000100010001
101111111111111010111011101011101111111011101111111
100010000010000010101000001010001000000000101000001
111010101110111110101111111010101011111111101011101
100010100010001000000010000010100000001000100000101
101111111011101111111010111110111111111010101111101
101000000000100010100010100000001000000010101000001
101010111111111010101110111111111011111110101011101
100010100000000010001010000010000010000010101010001
111110101111111111101011111010111110111010111010111
100010101000000000101000001000100000100010100010001
101110101011111110101011101111101011111110101111101
100000100010001000101010001000101000000000100010001
101111111110101011101010111010101111111111101011101
101000001000101010000010100010101000000000101000101
101110101010111011111110101110101011101110111010101
101000100010100010001000101000101010001010001010101
101011101111101110101110101011101110111011101010111
101000101000001000100010001000100000100000101010001
101010111011111011111011111110111111111011101111101
101010001000100010000010000010001000000010001000001
101111101110101110111111101011101011111110111011101
101000001010001010100000101010001000100000100010001
101011101011111010101110101010111110101111101110111
100010100010000010101000001010100010100000001010001
111110111010101110101111111110101010111111111011101
100010000010100010100000100010001010001000000000101
111010111110111010111010101011111011101011111011101
100010100010100010001010001000100010001000001010001
101110101010101111101110111110101110101110111010111
100010001010101000100010000010001000101000100010101
101011111011101010111011111011111011111011101010101
101000001000101010000010001000000010000010001010001
101110111110101011111110101111111110111110111111101
100010000000001000000000100000000000000010000000001
111111111111111111111111111111111111111111111111111
