111111111111111111111111111111111111111111111111111
100000000000000000000000000000000000000000000000001
111110111011101111101110111111101010101010101111101
100000001000101000000010000010001010101010101000001
101111101110111111111111101111101011111010111010101
101000001000000010000000000010001000100010001010101
101011111110101011111110111010111111111011111011111
101000001000101000000010001010000000001010000000001
111111101110111011111010101111101011101111101110101
100000000010100010000010100010001000101000000010101
101011111010101111111011111110111010111110111110111
101000100010101000000000001000100010001000100000001
101111101011101111101110101110101110101111101010101
100010001000101000001000101000100010100000101010101
101010101011101110111110111111101111111011101111101
101010101000100010100000000000100000100000100000101
111010111010111011101111101111111011101011101011101
100010001010100010001000000000001000101000101010001
111011111111101111101110101110111011101011101110111
100000100000000010001000100010001010001000101000001
101010111011111111111111111011101111111010101111101
101010001000000000000000100000100000001010100000101
101110101010111011111110101110101111101010111110101
101000101010001010000000100010101000001010000010101
111111101110101110111111111110101111101010111110101
100000000010101000100000000000100000101010100000101
101110101111101011101010111110101111111010111010101
101000100000101010001010000010101000000010100010101
101011101111101011101010111010101110111110101111101
101010000000101010001010001010100010000010101000001
101010101011111111101110111110111111101010101111101
101010101000000000100010100000000000101010100010001
101111101011111111101010111110111111101110111111101
101000001010000000001010100000100000001000000010001
101110111010101110101110111011111111101010111111101
100010100010101000101000100000100000001010100000001
101011101111111011111011111010101010111010101111101
101000100010000010000010000010101010001010101000001
101110101010101110111110111011101110101110111111101
100010101010101000000010001010000010101000000010001
101011111110111011111010101011101010111111101011111
101010000000100000001010101010001010000000101000001
111010111110101010111110101110101111111010101111111
100010001000101010100000100010101000000010100000001
101010101110101011111011111010111011101011101011101
101010101000101010000000001010100010001000101010001
101111111011111110111010101011111110101110101111101
100000100000000010001010101000000010100010100000101
101110101011101011101110111111111110111011111011101
100010101000101010001000001000000000100010000010001
111111111111111111111111111111111111111111111111111
