111111111111111111111111111111111111111111111111111
100000000000000000000000000000000000000000000000001
101010101010111011111011111110111010101111111010111
101010101010100010000000000010100010100000001010001
101011111111101110101110101011101110111110101110101
101000100000001000101000101000100010100000101000101
111010111110101010101010101111111011111110111011101
100010100000101010101010100000001000000010001000101
101110111011111111101011101010111011111011111110111
100010001000000000101010001010100000100010000000001
101110111010101110111111101011101110101111101011101
101000100010101000000010001000101000101000001010001
111110101110111010101011101010111111101111111111101
100000101000100010101000101010100000000000000010001
101010111111111010101010101010101111111010111111111
101010000000001010101010101010100000100010000000001
101111101010111011111111101011101011101010111110101
100000101010001000000000101010001000101010000010101
101111111110111111101011101010101111111111101010101
101000000000000000101010001010100000100000001010101
101110101011101011111011111111111011101111111011101
100010101010001000001010000000000000101000000010001
111011111011111111111111101111101110111111111011111
100000001000000000001000000010000010000000100000001
111010111110111011101111111010111010101011111011101
100010000010100000100000001010001010101010000000101
101011101111101011101111101010101111101110101010101
101010001000001010000010001010101000000010101010101
111011111011101011101111101010111010111011101110111
100000001000101000100010001010001010100010001000001
101010101010111011111010101010101011111110101010101
101010101010100000001010101010101000000010101010101
111111101011101011111011111011101111101011101011101
100000001010001000001010000010000010001010001000101
101111111011101111111110111111101010101011101011101
100000001000101000000000000000101010101010001000101
101111101110111011111110111111101111101110111110101
100000101000100000000010000000100010001000000010101
101110111110111011111110101011101110111110111110101
101000000010100000000010101010000010000010001000101
101011101111101011111010111110101111101011101111101
101000101000001000100010001000100010001000100010001
101011111110101011111010101011111011111010101110111
101010000000101000001010101000100000001010101000001
101010101010101011111010111110111110101010101010101
101010101010101000100010100000000010101010101010101
101110101111101110101110101111101110111110101010111
100010101000001000101000101000001000001000101010001
101010101111111011101110101010111110111011111111101
101010100000001010001000101010001000100000000000101
111111111111111111111111111111111111111111111111111
