111111111111111111111111111111111111111111111111111
101000100000000010101000001000000000001000101010001
101110111111101010101110111111101011101110101010101
101000001000101000001010001010001000100000100010101
101110101110111111101011101011101111111110101110111
100000101010000010001000100000100010100010001010001
101110111010111111101110101111101110101111111010101
101010001000100000000000100000001000000000100010101
111010111011111110111110101110111111101010101110111
100000001000100000100000001000000010001010101000101
111110111011111111111111101111111111101111101110101
100010100010001000100000101000100000100010001000101
101110111011101110101111101011111011101111101110101
100010000000100010101000101010000000000000100000001
111010101110101110101011101011111011101111101111101
101000100010000010100000000000100000101000101010101
101010101111101110101110101111111011111011111010101
100010101000000000000010100010000000100000100000001
101111111010111110101011101010111011111011111110101
101000000010100000101010101000001010001010000000101
101111111110111111101110111011111110111010101110111
101000101000001000001000001010100010100010100010101
111110101011111111101010111010101110101111101111101
100000000010001000001010000010001010100010101010101
111110101011101111111110111010111010101110101010101
100000101010000000000000101000000010100000100000001
111111111011101110101111101010111110101011101011101
101000000010000010101000000010001000101000001010001
101010111111101110111111101011101110101111111111101
100010100000000010100000001010000000001000000000101
101111101111111011111110111111101011101010101011111
100010001000100000101010100000001010100010101000001
111111101110111111101011111111111010101011111111111
101000101000101000000000001000000000101000100000001
101011111110101111111110111111111010111110101010101
101000100010100000000010100000000010001000001010101
101011101110101111101010111011101011111011101110101
100000100000000010101000000000101000001000100010101
101010111110101010101010101010111011101110111011111
101010100000101010101010101010100000101010001000001
101110111110111010111111111011101111101011111111111
100010000000001010001000000000100000100000001010101
101010101110111111101110101110101110111111111010101
101010101000001000000000100010100010001010100000001
101110101110111011101110101010101110111010111011101
100010101000001010001010101010101000000000100010001
101110111111111111111010111111101110101011101111101
100010100000100000000000100000000010101000000010101
111011101110111010101011111011111010101011101110101
100000101000000010101000100000001010101000100000101
111111111111111111111111111111111111111111111111111
