111111111111111111111111111111111111111111111111111
100000101010000000001000000010000010001010000000001
101110101011111111101010111011111011101011111010111
101000101000000010100010100000100000000000100010101
101011101111101110111010101010111011101111111110101
101010001010001000001010101010001010101010000000101
111011101011101110101110101011101110101011101011101
100000101000100010100000101000100000000000101010101
111010101110101110111111101111111111101110111010101
100010100000001010000010100010001000001000100000101
111010111110101011111010111110101111111110111011101
100010000000100000100010001000101000001000000010001
101111111010101010101010111111101010111011111010101
101000001010101010101000100000001010001010001010101
111010111110111111111111101011101011111111101010101
100010001010000000001000101010000000000000101000101
111111101011101111111110111110101011111010101110111
100000000000001000001000000000101010001010101000101
111011111011111010111111111111111011101110101010101
100010001000101010001000001010100000100000100010101
101111101110101011101111101010111111111011101111101
100010000000000010000000000000000000100010000000001
111011101011101011101110111110101011111011101011101
100010001010001000101000000010101000100010101000101
101111101111101011101111111110111110101010111011111
100010001010101010000010001000100010001000001010001
111110101010111111111110101010111010111011111010101
101000101010001000000000100010101000001000000000101
101111111010111110111111101110101110111010101110111
100000000000101000001000001000001010100010100010001
101111101011101110111111111110111011111011101111111
101000101000000000101000001000100000001000100010001
101011111110111111101110101110101110101111111111101
100010000000101000101010101000101010101000001010001
101111111110101011101011101011111010101110111010111
100010101010001000100000000000000000100000000000001
101110101011101011101110111110111111111010111011101
101000100000000010001000101000000010000010101010101
111110111010111011111110101111101111111011101010111
101000000010001010001010000010000010000000100000101
101111101111101110111011111110101111101011111110101
100000001010100010000000001000101010101010000010001
101010111010111011111011111111111010111110101111111
101010101000001010000000001010101000100000100000001
101110101011111110101111111010101110111011111111101
101000001000000000100000000000001000100010001000001
111011101011111111101110111111101011101111101010111
100000100010100000101000100000000000101000000010001
101111101110101010101111111011111111101111101011101
100010000000001010101000000000000000001000001010001
111111111111111111111111111111111111111111111111111
