111111111111111111111111111111111111111111111111111
101000000010001000100010000000000010000010001000101
101011111011101011101010111111111011111010111010101
101010001000100010001000100010001010000010001010001
101010101110111010111111101010101010111110101011111
100010100010001000100010001000100010000000101000001
111110111011101111101010111111111011101111101011101
100010001000001000101000100000000010000000101010001
101010111111111010101111111111111110111111101110101
101000000010001010101000000010000000100000100010101
101111111010101010101011111010111110101110111010101
101010000010100010001010001010000010001000100010101
101010111110111110101110101011111011111011111110101
101010000010000010100010101010000010000010000010101
101011111011111010111010101010111111101110101010111
101000001000100010001000100010100010001000101010001
101111101110101111111111111010101010111111101010101
101000000010100010000000100010001010000010001000101
101011111110111010111110111111111011101011111111101
101000100010001010100010100000001000101000000010001
101110101011101010101010101111101110101110111110111
100010001010001010101010100010001000100010001000001
101011111010111010101010111010111111111011101011111
101010001000100010101010001010100010001000101000001
101011101111101111101010101010101010101110101111101
101000100000100000101010100010001000101000100000101
101110101011111110101011111111111111101011111110101
101000101010000010101010000000100000001010001000101
101110101110111010101010111110111011111010101011101
100010001000100010001010100010000010100010101000001
111011111011101011111010101110111010101011101111111
101000000000101000101010001000101010001000100000101
101111111111101110101011101011101011111110101110101
100000100000000010101000001000100000000010001010001
111010101111111010101011111110101111111110111011101
100010100000101010001000101000100010001000100000101
101111111110101011111110101010111110101011101110111
100010000010100010001000100010000000101000100010001
111010111010111110101011111111111011101010111011101
100000100000100000101000000010001000101010000010001
101111101111111011101111111010101110101011111110111
101000100010001000100010001000101000101010100010001
101010111010101011111010101111101011101010101011101
101010001000100010000000101000001010100010101000001
101010111111111110111111101011111010111110101110111
100010100000100000001000101010000010001010101000101
111111101010101111101010111010111110101010101011101
100000001010001000101010100010000000100010101010001
101111111111111010101011101111111110111110101010111
100000000000000010100000001000000000000010001000001
111111111111111111111111111111111111111111111111111
