111111111111111111111111111111111111111111111111111
101000000010000000001000000000000010000000000000101
101010111010111011101011101111111011101110111110101
101010100010001000100010001000001000101010000010101
101010111111101110111011111011101110101011111010101
101010100000001000100010000000101000100000001010101
101010101111111010111110111111101011111111111010101
100010000010000010100000101000001010000000000010001
111111111110111111101111101011111010111111111111101
100010000010000000000000001000100010100000100000001
101010111010111111111110111110101110111110101111111
101000101010001000000010100000100000100010100000101
101111101011101011111011101111111111101010111110101
100000101000101010001000001010000000001000100010001
101110101110101010111111111010111011101111101011101
101000100000101010001000100000001010001000101010001
101011101111101010101010101111111011111010101010111
101010000010001010101010101000100010001010001010001
101011111010111010101010101110101110101011111011101
101000100010001010100010000010100000101000001000101
101110101111101011111111111010111111101111101110101
101000101000001000000010001000101000000000100010001
101011101011111111111010101110101011111110111011111
101010001000000010001010100010001000100000001000101
111010111111111010101010111010111110111111101110101
100010100000100010101000100010100010001000101000101
101110111110101110111111101111101011101010111011101
101000100010000000100000100000001000100010001000001
101011101011111111101110101111111110111011101111101
101000001010000000101010100000100010001000100010001
101111111010111110101010111110101011101110111010111
101000101000100010001010100010101000001010101010101
101010101111111011111010101010101111111010101010101
101010100000000000000010101000100000001000001010101
101011101110111111111110101111111111101011111010101
101000100010000010001000100000000010001010001010101
101110111011111010101011111011111110111010101010101
100010101000100010101010100010000010100010100010101
101010101110101110101010101110111010111110111010101
101010100000101000100010101010100010000010001010001
101010111111101011111110101010101111111011101011101
101010000010001000001000100010100000001000101000101
101111111010111111101010101110111111101110101111101
101000001010000000101010001000100000100010100000001
101011101011101011101011111011101110111010111110111
101010101000101000001010001000101010001010000010101
101010101110111110111010111110101010111010111010101
101010100010000010001000100000101000100010001010001
101010101111111011101111101111101111101111111011101
100000100000000010000000001000000000000000000010001
111111111111111111111111111111111111111111111111111
