111111111111111111111111111111111111111111111111111
100010000010000010000000001000000000100000001000001
101110101010111010101111101011111010101011111010101
100000101010101000101000001010000010101010001010101
101111101010101111101111111010111110101010101010101
100000101010000000101000100010001000101010100010101
101111101111111110101010101111101011101010111110101
101000100000000010101010001000101000001010001010101
101010111011111010101011111011101111111111101010111
101010001000001000101010100000100010000000001010001
111011101110111111101010101110111010111111111011101
100010000010100000101010001000100010001000000010001
101111111011101110101010111011101011101111111010111
100010001000001000100010100010001000100000000010001
101010101111111011101110101010111111111011111110101
101000100010000010000010101010001000000010000010101
101111111011111011111010101111101011111110111011101
101010001000001000101010101000100000100000101000001
101010101011101110101010101010111111101111101111101
100010101000100010100010100010000010001000001010001
111010101111111010101111111110111010111011101010111
100010101000000010100000000000100010001000101010001
101110101011111110111111111111101111101110101011101
101000100010001010100000001000101000001000101000101
101011111110101010111111101010101011111011101010101
101000001000100010100000100010001000001010001010101
111111101010111010101110111111111111101010111110101
100000101010100010001010000000000010001010000000101
101110101010101111111011111111111010111011111110101
101000101010101000000000001000000010001000101000101
101011101010111011111110111011111111101110101011101
101000001010000010000010100010000000001000100000101
101111111011111111101110101111101011111011111111101
101000001010000000001000100000101000101000000000101
101011101011111011101010111110101110101011111110101
101010101000001010001010100010101000101000100000101
101010101111101010111011101010101011101011101011101
101010101000001010001000101000101010000010001010001
101010101111101011101110101111101011101110111010111
101010100000100010001000101000001000100010001010001
101010111110111110111011101011111110111011101011101
101010000010001000001000101000000010100010001010101
101010101011101011111110101111111010111110111010101
100010101010101010000000100000001010100000100000101
111111101010111110111110111111101110101111111110101
101000001010100000100000000000101000100000000010101
101010111010101010111111111011101011101111111010101
101010100000101010100010000010001010101000001010101
101010111111101011101011111110111010101011101011101
100010000000001000001000000000000010000010001000001
111111111111111111111111111111111111111111111111111
