111111111111111111111111111111111111111111111111111
101000100010000000100010001010000010000000101010001
101010101011101111101111101011101111111010101011101
100010101000101000101000001000000000100010100010001
111010101110101110101010101110101111111110111011101
100010100010100000100010100010100010000000100010001
111110101111111010101111111011101110101111101110111
100010000000000010101000000000100000100010000000101
101011101111101111101111111110101111101111111010101
101000001000000010101010100010100010000010001010101
111111101110101110101010111011101111101111101110101
100010101000101010100000100010001000001000000000001
101010101110101010111010111010111011101011111011101
101000001000101010100010000000101010001010100010001
111011111110111010101011111010101011111110111010111
101000001010000010001010000010100010001000000010101
101111101010111010111010111110111010101011101110101
101000001010001010101010100010100010100010101000001
101011101011101011101011111010101011111010101111111
100010100000101010001010100010101010000000100000001
111110111110101111101010111011101011101110111011111
100000000000101000000000001000001010100010100000101
111010111111111111111011111011101110101111111010101
100010100000001010000000101010001010000010000010001
111110111011111011101010101011101011111110101111101
100010000000000000101010100010101000001000101010001
101111101111101011111110101010111110111110101010101
100010100000101000001010101010100010100000101010101
111010111010101111101010111110101010111010111011111
101000100010100010000000101010101000100010001000001
101011111111111011111011101010101111111110101010111
100010000010001000001000000000101000100010100010001
111011111010101011111110101111101011111010111111111
101000001000101010000000100010001010000000001010001
101110101010101111101011111111101010111011111011101
100000101010101010001010001010000000100010000010101
111010101011111011101011101011111011111111111010101
100010101010001010001000001000000000001000100010101
101010111011101010111010101010111110111010101110101
101010100010000000001010101010100010000010000010101
111110111010101110101011111110101010111110101010101
100000100000100010101010001000101000001000101000001
111110111011101010101010111110111111111010111011111
100000001000101010101010001000101010000010001000001
111010101011111111101010111011101010101011111010101
101010100000100010001000000000001000101000101010101
101110101110101011101111111110111110101011101011111
100010100010101000100000100010100010101010100000001
101011101011111011111011101011111010111110101111111
101000001000001000000000001000001000000010000000001
111111111111111111111111111111111111111111111111111
