111111111111111111111111111111111111111111111111111
100000000000000000100000001000001000000000000010001
111111111111111110101111101011101011111110111110101
100000000000000000101000100010100010001000100000101
101111111111101111101010111110111110101010101111101
101000100000001000101010001000000000101010100010001
101011101111111010101110101111101011111011111010111
101010001000100010100010100000001010001000000010001
101010111010101110111010111110111110101011111111101
101000100010101010000010100000100000101000100010001
101111101110101011111110101111101111101111101010101
100010001010101000000010100010001000100000101010101
101010111010101011111010111010111010111110101010101
101010100010001000001010001010001010001000101000101
101010101011111111101011101011101011111011101111111
101000101000001000001000001000101000001000100010001
101111101111101011111110111111101011101110101010101
101000001000101000001000100010001010000010101000101
101011101110101110101111101010111110111010111110101
101000100010100010100010001010001000100010000010101
101110111010111010111010111011101011101111111010101
100010101010000010001010001010001010001010000010101
111010101010111111101011101010111010111010111110101
101010001010100000001000001010100010001010001000101
101011111010111110111111111010101111101011101111101
101000001010000010100000000010100000100000101000001
101111101011111010101111111010101110111111101011111
100010001000001010101000000010100010001000001010001
101110111011101011101111101110111111101011111011101
101000100000101000100000101010000000101010000000101
101011111111101110111110101011111111101011111110101
101000000000101010000000100000100000001000100000101
101111111110101011111111111110101011101110101111101
100010000010001000000000001000101010100010001000101
101011101011111011101011111011111010111011111010101
101000001000001010001010001010000010001010000010001
101111111110111010111010101010111111101011111011101
101000001000100010100010101010100000001010000010001
101011101011101110111110101010101110111010111110111
101010100000101010100010100010101010100010000010001
101010111111101010101010111110101010101110111011101
101000100010001010001000100000100010100010001000101
101110101110111011111111101110111010111011111110101
100010001000100000000000000010001010000010000000101
101011111011111111111011111111101110111110111111101
101000000010000000001000001000100010000000100000101
101111111110111111101111101010111011111111101111101
100010000000001000100000101010001000001000000010001
111011111111101010111110111011101111101011111010111
100000000000001010000000000010000000001000001000001
111111111111111111111111111111111111111111111111111
