111111111111111111111111111111111111111111111111111
100000000000000000000000000000000000000000000000001
111010111110101110111010111110111110111010101110101
100010000010101000001010100000100000100010101000101
101110101010101010101110111010101011111010111011101
101000101010101010100010001010101000001010100010001
101110111011111111101111111111101011111011101010101
101000001000100000000000100000001000100000101010101
101011101010101011111011101110111010111110101111111
101000101010101000100000100010001010000010100000001
101011111110111111111010101010101010111110111111101
101010000000000000001010101010101010100000000000101
111010101111111010101110111011101110101010111110101
100010100000100010100010001000100010101010000010101
101111101111111010101111101111101110111110111010111
100000100000001010100000100000101000000010100010001
111010101010111110111011101110101110111111101010101
100010101010100000001000100010101000000000101010101
111110111010111111101111101111101110101110101011111
100000100010100000000000100010000010100010101000001
111011111011101011111010101111111110111111101111101
100000001000101010000010100000001000100000000010001
101011111111101010111111101111101111101111101110101
101000000010001010000000101000000010001000001000101
101010101110101011111011101111111010101011111111101
101010100010101010000000100000100010101000000010001
101010101110101010101111101011101111101110101111101
101010100010101010101000001010000010001000100000101
101111101010101111111010111011101111111010101110111
100010001010100000001010001000101000000010100010001
101010111010101010101010101111111010111110111011101
101010001010101010101010100010000010100000100000101
101010111010101111111010101110101111111011101110111
101010100010100010000010101000100010000000101000001
111011111011111111101111111011111010111111101010101
100000100000100000000010000000001010000000101010101
101010101011101011111011101110101011111011101111101
101010101010001010000000101000101010000010000000101
101110101010101111111111101011101110101111101110111
101000101010100000000000101000101000100010000010001
111111101011101010111111101011101110101111111011101
100000001000101010000000101000100010100000001010001
111111101011111110111110111010101110101110111011101
100000001010000000100000001010100010101000001000101
101111101110111011111011111111111110101011101110111
101000001000100000001000001000000000101010000010001
101110101010101110101110101011111010111110101110101
101000101010101000100010101010000010001000101000101
101011111010111011111111101011111011101111111110101
101010000010001010000000001010000010000010000000101
111111111111111111111111111111111111111111111111111
