1111111111111111111111111111111111111111111111111
1000100010100000100010001000100000001010000000001
1110101110101111101010111011111011111010111011111
1000100010101000101000101000000000000000101000001
1110111010101110111011101110101110101110101011101
1010000010001010101010000000100010100010101000101
1011101110101010101011101111101111101110101111111
1000001000100010100010101010101000001010000010001
1110111110111110101110111010111010111011101110111
1000101000101010100000001000000010100010100010001
1011101110101010111011111011101010101110111011101
1010001010000010000000100010001010001010001010001
1011101010111111111011111011111010101011101011101
1000001000000010000000000000001010101000100010001
1110101011101110111011111010111010101110101010101
1000100010101000001000100010101010101010001010101
1010111110111111101110111011101010111011111110101
1010000000000010001010100000001010100000001010101
1111101110111011111010101110101111111110111010111
1000100010100000000010101000100000001010001000001
1110111011101111111111111111101011101010111010111
1010000010100000100000100000001000100000100010001
1010111110111010101111111111101111111011111011101
1000000010100010000000101000000000001010101010001
1011101110111110101111101010111011111110101011111
1010100010100000101000100010101000100000100000001
1010101110101110101110101010101111101110101111111
1010001010000010100000001010000000101010000000101
1111111010101110111011111111111011101011101011101
1000100010101010001010000000000000101000101000101
1110111011111010111110111110101110111011111011101
1000100010101000000010001010100010100000100010001
1011101010101011101011111010101010101111101010111
1000101010101010101000100000101010000000001010001
1110101110101010111111111011111011101011101110111
1000000010000010000010101010001010001000100010001
1010101110101011111010101010111010111111111010101
1010101000101010100000100000101010001000100000101
1111101111101110111110111010101110101011101011101
1010100000000000001000001010101010100010001000101
1010111111111110101110111110101010111110111110111
1000001000001010101000000000000010001010100010101
1011111110101010111011111011101010111011101011101
1010001000101000001000101010101010000000001010001
1010101011111111101111101010111011101111111110111
1000100010000000001000000000001010001010000000001
1011111011101110101110111111111010101010111010101
1010000000000010101000100000000010100000001010101
1111111111111111111111111111111111111111111111111
