1111111111111111111111111111111111111111111111111
1010000010000000100010100000100010000010101010101
1011101110101111111010111011101110101110101010101
1010101010101000000000000000001010100000100010101
1010101011101011101110111011111011111011111010101
1000000000000010101010100000001010100010100000101
1011111111101110111011111010111010101110101111101
1010000000000000100000001010000000000010000000001
1111101111101111101110101111101110111110111010101
1000101000000000001000100010001010000000001010101
1110111011101111101111101011101011101010101110101
1000100010000010001000001000100000101010100010101
1011111111101111111111111111101011111011101111111
1010100010101010000000001010101010000000100000001
1010111010101010111010101010101011111011101110101
1000000000000000001010100000101000100010100010101
1010101110101110111111111111111011111010111011101
1010101000100010000000101010101000001000001010101
1110111111101010101110101010101110111011101010101
1010101000001010100010100010000010001000101000101
1010101110111110101111101110111111111110101011111
1000001000000010100000000000001000100010101000001
1110101110101011101011101110111011101110101010111
1000101010101010001000101000100010101000101010001
1110111011111111101111101110111010101111111111101
1000000000101000001000101000100000000000100010001
1011101111101110111011111110101011101111101111111
1010000010000000000000100010001000100000100000101
1010101011101110111011111010101011101111111011101
1010101010000010101010100000101000101010101010101
1110111011101111101010111010111011111010101010101
1000100010001000000000001010001000000000000000001
1111101111101111101010111111111011111111101111101
1000001000100010001010000010100010100010000010001
1011101110101110111110111110111010101111111111101
1010001010000010100000000000100000000000000010101
1011101010111111111011101010101110111111111010101
1010001000001000101010001010100010000000001000101
1111111010111011101110111111101110101010101110111
1000000010000010000000100000000010101010100010101
1010101110111010111010111010111010111111101110101
1010101000001010001010001010001010001000101000001
1011111011101111101111111110111110111011111010101
1000001000100000100000100000100010000000001010101
1010101011101110101011101110101111111010111010111
1010101000101010101000101000001000101010001010001
1011101011101011101111111010101011101011111110101
1000101010000000100000100010100000001000000010101
1111111111111111111111111111111111111111111111111
