1111111111111111111111111111111111111111111111111
1010101010101010100010001010001000101000000010001
1010101010101010101111101011101010101011101010111
1010101000101000000010101000100010001010001000001
1010101011101110111010101110101111101111111110101
1000000000100010100000100010101010100000000000101
1111111011111011111011101110111010101111111111101
1000000000001000001010001010101010001010000000101
1110111011101111101010101010101011111011111110101
1000100000101000000000100000100000100010101000001
1111111011111111111110101110111110111010101011101
1000000000000000101000101010000000000000000010101
1011111110111110101111111011101110111110101010101
1010000000101010001000000000000010101000101010001
1010111010101010111111111111111110101110111111101
1010101010101010001000100000000000100000000010001
1111101111101010111110111011101010101011101111101
1000000010100010000010101000101010101000101010001
1110101110111010111110101010111110111011111011101
1000100010000000001000000010001000101000001000101
1011111011101110111110111011111010101010101110101
1010000000001000000000100010100010100010101000001
1111101110101110111111111010111110111010111111101
1010000010101000100000000010100000100010100000001
1011101111111011101010111110111010101011111011101
1000000000001000101010101000000010101000100000101
1010101011101010101010101010111010101111111111101
1010101000101010101010001010101010101010001000001
1111111011101111101110111110101011111010111010101
1010000000100010000010000010001000001000000010101
1010111011111111111111101010111010111010111011111
1000101010000000000000001010100010100010100000001
1010101011101110101111101111111010111011111010101
1010100000100010101000000010100010001010100010101
1010111011101111111110101010111010111110101010101
1010001010001000000000101000001010001010101010101
1010111011101111111011111011101011111010101111101
1010100010001000000000100000101010000000001010101
1011111010111010101011101011111111111110111010111
1000101010100010101010001000001010100000100000001
1010101110111011101011111011111010101010101110111
1010000010101010001000001000101000001010000010001
1010101010101011101011111011101110101110111111111
1010101010101010001010000010001010101000100010101
1011111011101011111111101111101010111010101110101
1000100000100000100000000010000000100010000000001
1011111010101011111111111111101111101010101111101
1010000010101010000000000000000010001010100000101
1111111111111111111111111111111111111111111111111
