1111111111111111111111111111111111111111111111111
1000000000100000001000100000100000000000100000001
1011101111101011111010111110101011111110111010111
1010001000001010001010100010001000000010001010001
1010111011111010101010101011111110111011101111101
1010100010000010100010101000000010100010101000101
1010101110111110111110101111111011101110101010101
1010000010100000100000001000000000101010001010101
1011111110101111111011111111111110101010111010101
1000101000100010001000100000000010001010000010101
1110101011111010101111101111111011111011111110101
1010101000001000100000001000001000100000100010001
1010101111101111111111111111101110101110101011101
1000001000000010001000000000100010101010101000001
1111101011111010101111101110101010101010101111111
1000101000100000100000100010001010101010001000001
1010111110101111111110111011101110101011111110101
1010000000100010000010000010101000100000000000101
1011111111111010111011111110101011111111111111101
1010000000000010001000001010001010001000100010001
1011111110111111101111101010111010111010101010111
1000100010100010001010001010101010000010001000101
1010101011101010111010111010101011111011111111101
1010101000001010100010100010001000001000100000001
1110101111111010101110111011101111101110111110101
1000100000100010100000001000100000101010000000101
1010111110101110111111101010111110101011111111101
1010100010101000100010101010000000101010000000101
1010111010101110101010101111101111101010101111101
1010100010100010001010000000100010001000100010001
1010101110111011111011111110111110111111111010111
1010001000100000000010001010000010001000000010001
1011111011111111111010111011111011101011111011101
1010001000100010100010101000001010001010001000101
1010101110101010101110101011101010111010101011101
1010100000101010001000101000101000100010101010001
1010111110101010111011101110101111111010111010111
1010001000101010100010000010100000000010001010001
1011101111101011101110111010111011111111101011101
1000100000001010001010001000101000000000100010001
1010111111111010111011101111101111111110111010111
1010001000001000100000101000100000100010001010101
1011101011111111101110101010101111101011101010101
1000100010000010000010101010100010001000101010101
1010101110111010111011101010101010111010101010101
1010101000101010101000101010101000001010101010001
1010111011101010101110101010111111111010101111101
1010000000001000000010000010000000000010100000001
1111111111111111111111111111111111111111111111111
