1111111111111111111111111111111111111111111111111
1000000010001000100000000010100000100000100000001
1011101110101010101111111010101110111110101111111
1000100000100010100000001000001000100010100000001
1110101111111110111111101111111010101010111111101
1000101000100000001000100000101010001010100000001
1111101010101111111010111110101011111010111110111
1000101010100010000010000000101010001000000010001
1010101010111110101111101111101011101111111010101
1010001010100000101000001000001000100010001010101
1011111010101111101111111011111110111010101110101
1010000010000000100000001000100000000010100000101
1010111111111111101111101110101111101110111110101
1000100000100000100010001000101000100010001000101
1111101111101110111010111110101010111011101011101
1000001000101000101010100010100010100010001000101
1010111010101110101010101010111110101011111111101
1010100010101000100010001010100010101010000000001
1011101110111011111111111010101110101110111110111
1000100010100010001000100010000000101000100010001
1110111110101111101010101111111111101010111011101
1000000000100000100010001000001000101010001000101
1111111110101110101111111110101011101010101110101
1000000000101010001000100000100010000010100000101
1010111111101011111010101111111110111110111111101
1010000000001000001010101000100000001000100000101
1011111111111111101011101010111111101111111110111
1010001000000000001000100010000000100000000010001
1011101011111111111110111110111111111011111011101
1000001000000000000010000010000010001000101000101
1111111111111011111011111011111010101110101110101
1000000000001000001000100010001000101000100010101
1111101110111111101010101111101111101010111010101
1000100010000000101010100010001000100010001000101
1010111110101110101011101010101011111011101111101
1010100010100010001000101010101010001010001000101
1110101011111111111110101010101010101010111010101
1000101010000000001000101000100010101010100010101
1011101010111111101011101111111110101010101111101
1010001010000010100010000000100000101010101000001
1010111110101010101111111110111110111010101011111
1010000000101000100010000010000010000010000010001
1011111111101111111010101111111011111111101110101
1000000000100000001000100000001000000000001010101
1111111010111111101111111111101110101111101010111
1000000010000000101000001000100010100000101000001
1010111111111011101011101010111010111110111111101
1010000000001000000010000010001000100000000000001
1111111111111111111111111111111111111111111111111
