1111111111111111111111111111111111111111111111111
1000000000000000000000000000000000000000000000001
1011111110111110111010111010101111111010111010101
1010000000000010001010001010100000001010001010101
1010101010111011101110101010111111101011101110101
1010101010001000101000101010000000101010001000101
1011111110101011101011101110111111101010101110111
1010000000101000101010000010100000001010100010001
1110101111111110111110101110111111101010111010111
1000101000000000000010100010100000001010100010001
1011101010111110111110111111111111101010101110101
1000101010000010100000100000000000001010100010101
1010101110111111101111101110101011111011111010111
1010100010000000101000000010101010000000001010001
1011101011111110111011101010101010111011111011101
1000101010000000001010001010101010100000001000101
1111101111111011111110101011101111111010111011101
1000000000100000000010101000100000001010100010001
1011101110101110111011101010101110111111101111101
1010001000101000001010001010100010100000000000101
1010101010111111111110101011101110111110111111101
1010101010000000001000101010000010000010000000101
1110111010101110111111101110111010101011111011101
1000001010101000001000001000100010101000001010001
1010111111101111101110101111101010111010101011111
1010100000001000000010100010001010100010101000001
1110111110101010111110111110101110101111111110111
1000000010101010100000001000101000100010000000001
1011101111111010111111111110101010111010111110101
1010000000001010000000001000101010100010000010101
1010111110111011101111111110101110111110111011101
1010001000100000100010000000101000001000001000101
1111101111101110111011101111101011101010101110101
1000000000100010001000100010001000101010100010101
1011101110101011111111111010101110111010101011101
1010000010101000001000000010101000001010101000101
1011101011101011111011111011111010111010101110101
1000101010001000100010000000001010100010101000101
1011111010101111111111101110111110111010101111111
1010000010100000100000001000000010100010100000001
1110101110111110111111101010101110101110111010101
1000100010100000000000101010100010100010100010101
1110101011101010101010111111101011111011111110111
1000101000101010101010100000001010000000000010001
1011101011101111111110101011111011111011101011101
1000101010001000000000101010000000001010001010001
1110101010111010111110111111111111111011111111111
1000101010100010000010001000000000000000000000001
1111111111111111111111111111111111111111111111111
