1111111111111111111111111111111111111111111111111
1000000000000000000000000000000000000000000000001
1111101010111111101011101011101111111010101110101
1000001010000010001000101010000000001010100010101
1011111110111110111011101110101010111111101111101
1000000010000010100010001000101010000000100010001
1110101011111111101110111110111111111011101110101
1000101000000000101000100000000000100000101000101
1111111010101110111110111011101110111011111011101
1000000010101000000010001010000010001010000010001
1011111111101010101011111110111011101010111011111
1000000000101010101000001000001000101010001000001
1011101110111110111111101111101111111110101010101
1010001000001000100000000000101000000000101010101
1010111010101011101111101110101111111111111011101
1010001010101000100000100010100010000000000010001
1111101111101011101011101010101110111111101110111
1000000010001000101000101010100010100000001000001
1010101011101011101110111010111110101111111110111
1010101010001000101000001010000010100000000010001
1010101011101010111110101111111010101111111011101
1010101000101010001000100010000010100000001000101
1011101010111011101010111110111010101010111010101
1010001010100000101010000010001010101010100010101
1110101011111010101011101010111110111111111010101
1000101000001010101000101010001000000000100010101
1011111010101111111010101011111110111010111111111
1010000010100000001010101000000010100010000000001
1110101010101110101110101011101010101010101011101
1000101010100010100010101000101010101010101000101
1010101111111111111110101111101111101011101011101
1010100000000000000010100010001000001000101000101
1011101011111011101011111110111111101010111110101
1000101010000000101000001000100000001010000010101
1011101011101111111011101110101110111111111111101
1010001010000000001010000010101000000000000000101
1011111111101110111010101110101011101111101111111
1000001000001000001010100010101000100000100000001
1011101111101011101111101010101110111111111111101
1010001000001000100000101010101000000000000000101
1011101011111111101011111011101110101010111010101
1010001000100000001010000000101000101010001010101
1010111110101011101110101110111110111110111010101
1010000010101000100010100010001000100000001010101
1011101011111011111110101011111010111110101110111
1010001000001000000010101000001010100000101000001
1010101010111110111010101010101010111010101011101
1010101010001000001010101010101010001010101010001
1111111111111111111111111111111111111111111111111
