1111111111111111111111111111111111111111111111111
1010000010001010000010100000000000000000101010101
1010111111101010111010101011111010111110101010101
1010001000001010100010001000100010101000000000001
1011101011111011101011111010111110101111111010111
1010000010000000101010001010001010001000000010001
1010111010111110111011101111111011111110101010101
1000001000100000000010001000101000000000101010101
1111111010111111111010111110101110111011111011101
1010001010101000000010000010000000001010000010001
1011101011101110111111111011101010111110101111111
1000101010001000101010100010001010001010100000001
1110101010111111101010101011111110111010101111101
1000000000100000000010101000101000100000100000101
1011111011101111101110111010101111101010101111101
1010001000001000000000000010000000101010100000101
1111101010111111101011101111111111101010111111111
1010000010101000101010001000101010101010100000001
1011101111101011101010101110101010111110101111101
1000000000100000001010100000000000001000000010101
1010101011111010111111111111101111111011101110101
1010101000100010100010000010000000101010001010001
1111111010101111111010101010111110101110101010101
1010101010101010000010101000001000001010100010101
1010101011111010101111111011101111111010101011101
1010101010000000100000000000100010000000101000101
1010101111101111111010111011111111101111111011111
1010000010001010001010100000101000100000001000001
1010101010101010111010111110101011111010101111101
1010101010100000001010101000100000000010101000001
1010101011111110111111101110111011111110111111111
1000101010001000000010101000000000100010101010001
1010101110111011111010101111111110101010101010111
1010100000100010100000100000001010001010100000001
1011111110111010111011101110101011101110101110101
1000101010100010000000101000101000000010100010101
1111101010101111111011111110111011111111111011101
1000000000001000101000000010100010000010001010001
1110111110111110101011111010101111101010111011111
1000000010001000100010001010101000001010001010001
1010101010111011111111101110111110111111101010111
1010101010001000001010000010000010001000001000001
1011101111101011111010111110111010111011101011111
1010001010000000000000000010101010000000101000001
1010111011101110111111111110101111101110101011111
1010001000001000000010000010000000000010100010001
1110101010101110111011101111101010101110101011101
1000101010100010100000000000001010101000101000001
1111111111111111111111111111111111111111111111111
