1111111111111111111111111111111111111111111111111
1000001000100000001000000010100000001000100000001
1011101010101111101011111010101111101010101111101
1010001010101000001010000010000010001010001000101
1010111010101111111010111110111110101011111010101
1010000010000010000010000000100000100010001010101
1011111111111010111011111111101111111110111010101
1000000000101000101000100000100010100010000010001
1011111110101111101110101011111010101011111111101
1000001000100000101000101010001000101000101000001
1111101111101110101011101010101110101110101011111
1000001000001000100000001010101010101000001000001
1011111011101011101111111010101010101011111111101
1010000010001010101000100010100010101000000000101
1010111111111010101110101110111110101111101110101
1010000000100010100000101000001000100010000010101
1111111110101110111111101111101011111010111011101
1000100000101010000000001000100010000010101000001
1010101111101010111111111011101110111110101111111
1010000000101010100000001000101000100000100000001
1011111111101010101011101010101111101111111111101
1000100010001000101010001010001000001000000000001
1111101010111111101110111011111011101011111111111
1000001010001000001000100010001000101000000000001
1011111010101011111011101110101011101111111111101
1010000010101000001000001000101000100000000000101
1010111110101111111011111011111110111111111110101
1010100000100010000010100000000000001000100010101
1010101111111010111110101111111111101110101010101
1010001000001010100010100010001000001000101000101
1011111011101010101010111010101011111011101111101
1000001010101000101010001010100010001000001010001
1111101010101110111010101010111110111111111010111
1000001000101000000010100010001000001000000010001
1011111110101111101111101111101011101010111011101
1010000000100000101000101000001010001010101010001
1010111111101010101010111011111110111010101010101
1000101000101010101010100010001000100010001000101
1111101010111010111010101110101011101111111111101
1000001010001010000010100000100010001000100010001
1011111011101010111110101110111110111110101010111
1010100010000010000010100010000010001000101010101
1010101011111111111110111011111111101011111010101
1010001000001000100010001000000000001010000010001
1011111111101110101011101111111011111010111011101
1010000000100000101000001000100010000010001010101
1010101110111011101111111110101111101011111010101
1000100010000000100000000010000000001000000010001
1111111111111111111111111111111111111111111111111
