1111111111111111111111111111111111111111111111111
1000001000000010000000000000001000000010001000001
1011101011111110111111111110101011111010111011101
1010001000100000100010000000100010001010000000101
1010111110111111101010111111111110111010111110101
1010000010001000001000100000000010000010001010101
1011111011101111111011101111111011101111101010101
1010001000101000001000100010100010000000001000101
1110101110101010101110111010101110111111111111101
1000100010100010101010001010101010000010000010101
1011101010111111101011101010101011111010101010101
1010101000100000101000100010101010000010101000101
1010101111101110101110111110101010111111101111101
1000100000000010000010001000100010100000101000001
1011111111111111111010101010111011101110101011111
1000000010000000101000100010001000001000101010001
1111111010111110101111111111101111111011101010101
1000100010100010000000100000001000001000100010101
1010111110101011111110111111101010101110111110101
1010000010101000100010001000100010100010100000101
1010111010101110101010101010111111111010101111101
1010001000101000001010101010100010001010101000101
1011101111101111111011101010101010101010101110101
1010001000001000001000001010001010100000100010101
1011111011111011111111111110101110101111111010101
1010000010001000000000001000101000100010001010101
1010111110101011111111101010111010111110101010101
1010000000100010001000001010100010100010100010101
1011111111111110101011111110101111101010111110101
1000001000100000101000000000100000001010100010001
1011101011101111101111101111101111111010101010101
1010101000100000101000101000101000100010101010101
1010101110111110101010101010111010111011101011101
1010000010000010101010100010000010100010001000101
1011111011101010101010111011111110101110111110101
1010000010001010100010100010100000001000100010001
1010101110111110111110101110101111111011101011101
1010100010100000100000100010100010001010001000101
1011111010101111101111111010101110101010111110101
1000001010100010100000001010001000100010001000001
1111101010111010101111111011111011111110101111111
1010001010001000101010000010001000100010100000001
1010111110111111101010101111101110101010111111101
1010000000100000001000100000100010001010001000001
1011111110101111111011111110111011111011101011111
1000100010100010001010000000100000000010001000001
1010101110101010101110111111101111111110111111101
1010000000101000100000000000001000000000100000001
1111111111111111111111111111111111111111111111111
