11111111111111111111111111111
10000000100010000000100000001
11111110101110101011101110111
10000000000010101010001010001
10101111111011111010101011101
10100010000000000010100010001
10111011111110111111111111101
10001000000010000010100010001
10111110111111111110111010101
10001010000010100000001000101
11101011111110101110111111101
10000000000000001010001000101
10101111111010101010111110101
10101010001010100010101010001
11111011101011111111101010111
10001000000000100000001000001
11101110111111111011111110111
10100000001000101000001000101
10111010111011101011101011101
10101010100000001010000000001
10101010101011101011101110111
10001010101010000000100010101
11101110111011101011111110101
10001000001000101000000010101
11101011111011111111101011101
10100010001010001000001000001
10111010101010111111111011111
10000000100000000000001000001
11111111111111111111111111111
