11111111111111111111111111111
10100000001000100000001000001
10101110111010111110101111101
10001000001010100010101000001
10111111101110101010101011111
10000000100000101000101000001
11111011111111101111111011101
10100010000000001000000010101
10101110111011111011111110101
10100010100000001000100000001
10111010111111101110101111111
10100010001000100000100010001
10101111101010111111101010101
10001000100010001000101010101
10111010111111111010101010101
10001010100010000010101000101
11101010101011111010111110101
10000010001000001010100010101
10111111111111101010101010101
10100000100000100010101000101
11101110101110111010101111101
10001010100010001010001010001
10111010111010101111111010101
10001010100010100010000010101
10101010101111101011101110111
10100010000000101000000010001
10111111111110111111111111101
10000000000010000000000000001
11111111111111111111111111111
