11111111111111111111111111111
10000000101000001000000000101
11101011101111101110111110101
10001000100000000010001000001
10111011101111101110101111111
10100000101000000000101000001
11111011111111111011101011111
10001000101000101010001000001
10101110101010101110101110101
10100000000010100000100010101
11111010111111101011101110111
10001010001010001010000000101
11101010111011101111111111101
10000010001010000000101000001
11111010111011111110101011101
10101010001000100010101000101
10101011101011101010101010101
10000010000010001000101010101
11111111101010111110101010111
10100010001010100010000010101
10101111101110111010111010101
10000000001000101000100010101
11101110111010101111101111101
10000010001010100000000010001
11101111101011101011111010101
10101000000000101010001000101
10111011101111111111101110101
10000000100000000000000010101
11111111111111111111111111111
