11111111111111111111111111111
10000010001010100000100000101
11111011101010111011101010101
10000000101000100010001010001
10111110101110111010101110111
10000010000000100000101000001
10111010111111101111111110111
10001010000000000000100000001
11111111111111111111111011111
10000000000000001000000000001
11101111111111111111111110111
10001000000000101000001000001
11101111111011101111101111101
10001000100010101000001010101
11101110101010101110101010101
10001000101000101010101000001
10101110101111101010101110111
10101010101000001000100000001
11101010101010101111111011111
10000000100010101000000000001
10111110111110101010111011101
10001000000000100010101010101
11101111111111111011101010101
10100000100010001000100000101
10111011111010101110111011101
10000000100010101000100000101
10111010101110101111111011111
10100010000000101000000000001
11111111111111111111111111111
