11111111111111111111111111111
10000010000010101010100010001
10111111111010101010111010111
10001000001010000010000010001
10101010111010101010111010101
10100010000000101010100010101
11111011111011101010101011101
10000010000000101000101000001
11111111101111101010101111111
10001000000000101010100000001
11101011101110111111111011111
10001000101000100000000000001
11101010101010111111111110111
10001010101010101010100000101
10111111111110101010111010101
10001010000010101000000010001
10111010101010101011101110111
10000000101000101010100010001
10111011101010101010101010101
10001010001010101010001010101
11111110111111101011101111101
10000000000000100010000010001
11101111111111111110111111111
10101000101000100010101000101
10101011101011101110101010101
10000000000000100000100010001
10111111111111111010101110111
10000000000000100010001000001
11111111111111111111111111111
