11111111111111111111111111111
10100010001000000000101000001
10101110111111101010101011111
10100000101010001010100000001
10101011101011111011101111111
10001000000010001000000010001
10101011101110111011101111101
10101010101000000010101000001
11111110101011111110111011101
10001010100010100010000000101
11101010101110101110111111101
10100000000000000010001000101
10111111101010111010101011111
10000000001010100000101000101
11111110101111111110101011101
10000010100010001010101010101
10101111111011101011111010101
10100010101000100000001000101
11101010101110101011111011101
10101000000010101010000010001
10111111101110101011101110111
10000000100000101000101000001
11101011111110111011101110111
10001000000000101010000000101
11111010111010101010111110101
10000010100010000000000010101
11111011101110101111111011101
10000000101000100000100000001
11111111111111111111111111111
