11111111111111111111111111111
10001010000000100000100000001
10101010101111101110111111101
10101010100000100010001000101
10101010111110111111101010101
10100010100010000000101010001
10111110101011111010101011111
10100000101010001010101000001
10101111101011101010101011101
10101000001000101010101010001
10101110101110101011101010101
10100010101010001010001010101
10111011101011101010111010111
10001000101000101000100010001
10101110101010101111111011101
10100010001010101000001000101
10111111111010101110101111101
10100000100010100000100010001
10101011101110111111111010111
10101000001000100000100010001
10101111111010111010101111101
10001000100010000010101000001
10111010101111111110101110101
10001010001000100000101000101
11101011101010101111101011101
10001010001010101000001010101
10111011111010111011111010101
10001000000010000000000010001
11111111111111111111111111111
