11111111111111111111111111111
10101000001000101010000010101
10101111101110101010111110101
10101000001010100010100000001
10101011101010101110101111101
10101010000000000000000000101
10101110111111101010101111111
10101000100010001010100000001
10101110111010111011111110111
10100000100000100000000010101
10101110111011101010111110101
10000010100000101010000010001
11101110111011101010101111101
10001000100000101010100010001
11101110101010111011111111101
10000010101010100010100010101
11101111101110111010101110101
10001000001000101000000000101
10101110111110101011101011111
10100010001000100000101000001
11101110111011101010111011111
10001010100010001010001000001
11101010111110111010101010111
10100010001000001010101010001
10111010101110111110111010101
10001010101000101000001010101
11101011111110101010101011101
10000010000000001010101000101
11111111111111111111111111111
