11111111111111111111111111111
10000000000000000000000000001
10111111101010101110111110101
10000010001010100010100000101
10101010111111111011111011101
10101010001000000010000000101
10101010111110111110111011101
10101010001000001000100000101
10111110111010101011101110101
10100000100010101010000010101
11101011101111101111111110101
10001000100000100010000000101
10101010111110111111101110111
10101010001000000000101000001
10111111101110101010111111101
10000010000010101010000010001
10111110101111111111101010101
10000010100000100000001010101
10101110111111111110101010111
10101000000010000000101010001
11111010111010101110101011101
10000010100010100010101000101
10111110111011111111111010101
10001000100000001000000010101
10111110101111111110111011101
10100000100000001000100000101
10111011111010111110111110101
10001010000010100000000010101
11111111111111111111111111111
