11111111111111111111111111111
10000000000000000000000000001
11111110111010111111101010101
10000000001010000000101010101
10101010101011101011101010111
10101010101000101010001010001
10101110111011111011111011101
10101000100000001000100000101
10111011111011111010111110101
10001000001000001010000010101
10111110111111111110111111101
10001000001000000000000000101
10101111101110111111111110101
10101000000010000000000010101
10101010111010101010101111101
10101010100010101010100010001
10101111111110101011101011101
10100010000000101010001000101
10101110111011111010101111101
10100010001000001010100000101
10101110101111101111111111101
10100010100000100000000000101
10101010111111111010101111101
10101010000000100010101000001
10111111101111111010101011101
10001000000000001010101000101
10111011101011111110101111101
10100000101000000010101000001
11111111111111111111111111111
