11111111111111111111111111111
10001000100010100000001000001
11101010101110101011101111101
10001010000000101010001000101
11101110111110111011111011101
10101000101010100000001000001
10101010101010111110111111101
10001010000010100000101000001
11101110111111111110101011111
10001000001000101010000000101
11101011101010101010101110101
10001000100010100000101000101
10111011111110111111101011101
10000000100010100000001000001
10111010101110111111101110111
10001010000010000000001000001
11111110111111111111111111111
10001010100010100000001010101
10111010101010111111101010101
10001010001000000010001000001
11101011101111101110111011101
10000000101000100010000010001
11101010101010111011101010111
10001010000010100010001010001
10101011111011101010111010111
10101010000010101000001010001
10111010111010111110111010111
10001010001000100000001010001
11111111111111111111111111111
