11111111111111111111111111111
10000000001000000010001000001
10111011101110111010101110101
10101010000000101000100000101
10101011111111101111111111101
10001010000000100000000000101
11101010111110111011101111101
10001010001010001000101000101
10111011101011101111101010101
10101000001000100000101010101
10101111111010111110101010101
10100000000010000010101010001
10101111111011111110101011111
10101000101010000000101010001
10101010101010111111101011101
10001010001010100000001000001
11111011111010101110111111101
10000000100010101000100000101
11111110101110111011101011101
10000000101000100010001000101
10111011101011101110111110101
10100010001000101000100010001
10101110111110101011101111111
10100010100010100010000000001
10111110101110101111101111101
10001000101000101000101000001
10101011101110101010111011101
10100000100000100010000010001
11111111111111111111111111111
