11111111111111111111111111111
10100010100010101000001000001
10111010111010101011101010111
10001000000010000000101010001
10101111111010111111111011101
10101000000000000010100010101
10111111101111111010101110101
10101000000010001000100000101
10101110111111101110101111101
10000010000010100000100010101
11101010101110101111101110111
10001000100010100010101010001
11101110111010101110101010111
10000010100010000010001010001
11111110111010111111101010111
10100010001010101000001010101
10101010101111101011111010101
10001010101000001000000000001
10111110111110111011111111111
10000010000000100000001000101
11111010111010101010101010101
10101000101010001010100010001
10101111101110111011101011101
10001010001000001010101010101
10101010101011111010111010111
10100010100010001010001000101
10101111101010101010101011101
10100000001010100000101000001
11111111111111111111111111111
