11111111111111111111111111111
10000010001010000000000000101
11101110111011101011111011101
10000000101000101010100000101
11101111101011111010111011101
10101000000000000010001010001
10101111111010111110111110111
10001010100010100000000010001
11101010111010111011111110111
10100010101010101010101010101
10101110101011101010101010101
10101000100010000000000000001
10101110111010111111111011111
10001000100000001010101000001
10101110101011111010101011101
10101010101010001000001010001
11101010101110111011111111111
10000010100000000010100010001
11101110101111111010101110111
10000010101000100000101010101
10101110101011101110101010101
10100000000000100010000000001
11111011101011101010101010101
10000000101010001010101010101
11101010111011101010111011111
10101010101010001010001000001
10111011101111101110101011101
10000000000000100010101000101
11111111111111111111111111111
