11111111111111111111111111111
10000000100010001000001000001
10111110101010101010111010111
10001000001010100010100010001
10101111111010101111101111101
10100000100000101000001000001
10111110111111101011111011111
10001010000000101010001010001
11101011111110111010101011101
10100010000010001010101000101
10111011101111101010101010101
10001000001000100010101010101
10101011111110111110101110101
10100010000010100000100000101
10111110101110101111111111101
10100010100000101000000000001
10101010111111101111101011111
10001010001000000000101000001
11111011101111111110101111101
10001000100010000010101000101
11101110111010111010111010101
10000010101010101000100010001
10111110101010101111101111111
10100000101000100000000000001
10101111101111111110111111101
10100000000000100010100000101
10111111111110101011101110101
10000000000000001000001000001
11111111111111111111111111111
