11111111111111111111111111111
10000010000000001010000000001
10111010111111101010111110101
10101010101000101000100010101
10101010101011101011101010101
10100010101000001010001010101
10101110101110111110111011101
10100010100010001000100010001
10111010101011101010101110111
10001000101000001010100000101
11101111101111111010101111101
10001000101000100010101000001
10111011101010101110101010111
10100000000010001000100010001
10111111111111111111111111101
10000010000010000010001000001
10111010111010111010101011111
10001010001010001010100000001
11101011101011101011111111111
10001010001000001000000010001
11111011101110111110111110101
10000010001010000010100000101
10111110111011111010101111101
10100010100000100010000000101
10101010101110101111111111101
10001010101010100010001000101
10101110101010111010111010101
10100000100010000010000010001
11111111111111111111111111111
