11111111111111111111111111111
10100000101010100000000010001
10101010101010101111111010101
10101010000000001010001000101
10101110101111101010111010111
10001000101010000000101010101
10101111101011111110101010101
10100010000000000010001010101
11111111111010111011111110101
10001000001010100000100010101
11101110111011111110101110101
10100010101010001010100010001
10101110101011101010101111101
10100010100010000000000010001
10111010101011111010101111111
10000010001010001010101010101
11101110101010111011111010101
10001010101000100010001000101
11101010101011111110101011101
10000000101000100000100010001
11111011111110101111101110101
10100010000000001010000000101
10101110111111111011111110111
10101000000000001000000000001
10101011101010111111101111111
10001010001010100000000010101
10111111111011101110111110101
10000000100010000010000000001
11111111111111111111111111111
