11111111111111111111111111111
10000000000000000000000000001
10111011101111111011101010111
10001000100000100010001010001
10111011111011111011101111101
10100010000010000010000010001
11101110101110111110111110101
10000010101000001000100000101
10101111111011101011101010101
10100010000010001000101010101
11101010111011111011111011101
10001010100000100010000010001
11111011111110101010101010101
10000000001000101010101010101
10101010101011101110111010101
10101010101000101000100010101
11111110111010111111111111101
10000000100010000010000000001
10111110101010111111111011111
10001000101010100000000000001
10111010111110111111101011101
10100010100000000010001010001
10101011101110111111111011111
10101000101000000000100000001
10101011101110111111111011111
10101000100010000010000000001
11111110111011101110111111101
10000000001010000010100000001
11111111111111111111111111111
