11111111111111111111111111111
10000000000000000000000000001
10101111101111101010101011111
10100000100000101010101000001
10101010111111101110101010101
10101010100000000010101010101
10101111101111111111111010101
10101000000000000000001010101
11111011101110111010101110111
10000000100010100010101000001
10101110111011101111111010101
10100010100000100000100010101
10111110111110101111101110101
10001000000010101000001000101
10111011111010101010101010101
10001000001010101010101010101
10111011101010111011111010101
10100000101010100010000010101
10111110101111111111111110111
10000010100000100000000000001
10111110111011101010101110101
10100000100000101010101000101
10101011111110111111101011101
10101010000000000010001010001
10111111101111111110111111101
10000010001000000000000000101
10111110111011101011101011101
10100000100010001010001000101
11111111111111111111111111111
