11111111111111111111111111111
10000000000000000000000000001
10111011111011101010111111111
10100000001000101010000000001
10101110101110101010111010101
10101000101000101010100010101
10111010111011111011111110111
10001010001010000000000010001
10101110111110101110111011101
10101000000010101000100000101
11101111101110101011101010111
10001000001000101010001010001
11101111111110111010111111111
10000000001000001010000000001
10101011111110101011111011111
10101000000010101010000000001
11111111101010101110111010101
10000000001010100010100010101
10101110111111101110111011101
10101000001000000010100010001
11111011111110101111101011101
10000010000000100010001010001
10111011111010101010101111101
10100000001010101010100000101
11111011111110101011111111111
10000000100000101000000000001
10111011111110111110101011101
10100000000010000010101000101
11111111111111111111111111111
