11111111111111111111111111111
10000010100000101010001010001
11101010111110101010111010111
10001010000010100000001000101
10111110111010101010111011101
10001010001010001010100000001
11101011101010101111101110111
10100010101010100000000010001
10111010101111111010111011111
10101000000000000010100000001
10101011111110111011111010111
10000010000000001000100010001
11101111101111111011111110111
10001000000000001000100010001
10111110111010111111101111101
10100010001010000000000000101
11101010111010111011101111101
10001000001010001000100010001
10111011101110111110111011111
10100010001000100010101000001
11111011101111101110101110111
10001010101010001010101000001
10111010101010111010101011111
10101010001010001000001000101
10101110111010111111101111101
10101010000010000000000000001
10101010101110111110111011111
10000000101000001000001000001
11111111111111111111111111111
