11111111111111111111111111111
10000000000000000000100000001
10111111111110111110101011101
10000000100000000010101010101
11111110101111111010111010101
10000000101000001010001000101
10111111101011101011101111101
10100000001000100000100000001
10101111111111111110111111101
10101000100000000010101000001
10101010101111111010101011111
10100010101000001000101000101
10111110101011101111101010101
10100000101010001000100010101
11101111101010111010111110101
10001000101010001010100000101
10111110111011111010101111101
10101000100010001010100000101
10101010101110101010111110101
10001010100000101010000010001
11101011111111101011111011101
10100010000000001000101000001
10101110111111101110101111111
10001000100000100010101000001
10111010101110111110101011101
10100010101000100010000010101
10101111101010101011111010101
10100000001010001000000010001
11111111111111111111111111111
