11111111111111111111111111111
10101000000000100010000010101
10101110101111101111101110101
10101010100000001010100000001
10101010111111101010111010101
10000000101000101000001010101
11111110101110111011111011111
10001000000010000000101000001
11101110111111101111101011101
10001000100010000010100010101
10111110111011101110101110101
10100000100010101000001000101
10111110101110101011111110111
10001000001010101000000010001
10111110111010101011111110101
10000010000000101010100000101
10111110111110101010101110111
10000000001000000000000010001
10111110111110111011101110111
10001000001000001010101010001
10111011101011101110101011111
10001000101010001010101010001
10111011111111101010111010101
10001000001010000000000000101
10111010111011101011111011111
10100010000010001000101000001
10101010111110101110101011101
10101010000010101000001000101
11111111111111111111111111111
