11111111111111111111111111111
10000010001010101000101010001
10111011101010101011101010101
10001000000000101000000000101
11101011101010101011101110111
10101000101010001000100010001
10101111111011101110111110101
10000010100010000000100000101
11101010111011101011101110111
10001010001000101010100010001
10111111101011111110111011111
10100000100000000010001010101
11101011111011111011101110101
10001000101000100010001000001
10111011101110111011101111101
10001000001000100000000000101
10101110101110111110101011101
10101010101000100000101000001
10101010111111111111111011101
10100010101010100000000010001
10101111101010101110111111111
10100010001000101010001000001
11111010101011101011101011101
10001000101000000010100010001
11101011111111101010111010101
10001000001010001010000010101
10101111101010111110101111101
10100000000000001000100010001
11111111111111111111111111111
