11111111111111111111111111111
10001010001000000010100000001
10111010101110101010111110101
10101000101000101010000000101
10101010111111101111111011111
10100010100000100000000000001
10111110111011111011111110111
10000010100010100000001000101
10111010101110111011101111101
10100000100010001010100000101
11111011111010101110111011101
10000010100010101010001000001
11101110111010111010111111101
10000010001000000000001010001
10101110111110101011111010111
10100000000010101000001000001
10101010111011111011111010101
10101010100000000000101010101
11111011111110111110101011111
10000010000000001000000000001
11101111101010101111111110111
10001010001010100000001000001
11101011111011101011111111101
10100000001010101010000000001
10111011111010111111111111101
10001010000000100010100000001
10111011111011101110101110101
10000000100010000000001000101
11111111111111111111111111111
